 H2S: RADAU SYMMETRISED COORDINATES                                     
   0   0   0   0   2 1560
  0.690706730640D-02  0.954166069790D-02  0.114217445408D-01  0.121674654513D-01
  0.140648194798D-01  0.147847420394D-01  0.159172660316D-01  0.166983205067D-01
  0.173938427278D-01  0.185686301587D-01  0.193225401302D-01  0.198827732275D-01
  0.199951835428D-01  0.203936480617D-01  0.212096332669D-01  0.219378594199D-01
  0.224501540558D-01  0.225892226237D-01  0.230531066872D-01  0.238406026271D-01
  0.243007535355D-01  0.245447200170D-01  0.248508994631D-01  0.250089494330D-01
  0.251764435250D-01  0.257014154579D-01  0.264619504417D-01  0.268760789966D-01
  0.271436028288D-01  0.275182574946D-01  0.275594225942D-01  0.277573423922D-01
  0.283389386798D-01  0.286986148042D-01  0.290741458661D-01  0.292890235914D-01
  0.294420271145D-01  0.297350118543D-01  0.301019302390D-01  0.301736744976D-01
  0.303324181839D-01  0.309661217082D-01  0.312816599034D-01  0.316776940130D-01
  0.319640866345D-01  0.319988937991D-01  0.323194619806D-01  0.326368931572D-01
  0.326685013219D-01  0.328175540077D-01  0.329021652957D-01  0.330765231622D-01
  0.335834628817D-01  0.337080197108D-01  0.338545319150D-01  0.342731202696D-01
  0.345470647055D-01  0.346264141827D-01  0.348974698592D-01  0.351647736185D-01
  0.351686917693D-01  0.354503764478D-01  0.354670680768D-01  0.356670272487D-01
  0.361914927873D-01  0.363905946501D-01  0.364175625311D-01  0.368609586885D-01
  0.369907531774D-01  0.370869861502D-01  0.372764512892D-01  0.374345856020D-01
  0.374695471632D-01  0.376605050251D-01  0.376860580619D-01  0.380275968335D-01
  0.380726708952D-01  0.381078839533D-01  0.382465691358D-01  0.387907590378D-01
  0.389711689137D-01  0.390596352344D-01  0.394417434993D-01  0.394984757487D-01
  0.396191429342D-01  0.399147153618D-01  0.400322719304D-01  0.400361956621D-01
  0.401442115115D-01  0.402012439102D-01  0.405842050048D-01  0.406849945778D-01
  0.407977792096D-01  0.408155144226D-01  0.412916136984D-01  0.413818152301D-01
  0.415158249633D-01  0.417156304832D-01  0.417728671987D-01  0.419970041292D-01
  0.420160029856D-01  0.421440416952D-01  0.424886099701D-01  0.425417677265D-01
  0.425979036380D-01  0.426182151452D-01  0.426201753236D-01  0.427108296802D-01
  0.431373272579D-01  0.432879180907D-01  0.433743116823D-01  0.434733357182D-01
  0.438066561014D-01  0.439652130578D-01  0.440520395295D-01  0.443591367642D-01
  0.443774540330D-01  0.444866505070D-01  0.445842550523D-01  0.446621985199D-01
  0.450888225340D-01  0.451551429849D-01  0.451581933539D-01  0.451856355220D-01
  0.451928134885D-01  0.452153080017D-01  0.452648267085D-01  0.455716527479D-01
  0.456873783119D-01  0.458820148753D-01  0.459234629666D-01  0.460914038351D-01
  0.461350890845D-01  0.463116717593D-01  0.465414965957D-01  0.465803406418D-01
  0.468501893563D-01  0.469678105135D-01  0.469695258560D-01  0.469907491627D-01
  0.471470027009D-01  0.471741312371D-01  0.475506218958D-01  0.476978983745D-01
  0.477083468553D-01  0.477151808732D-01  0.477565446888D-01  0.477645866415D-01
  0.478675113620D-01  0.480936508052D-01  0.482347523413D-01  0.484634992319D-01
  0.484678564454D-01  0.487026099533D-01  0.487836366795D-01  0.488070214386D-01
  0.491012565978D-01  0.491112056567D-01  0.494409448507D-01  0.494919272124D-01
  0.495495041385D-01  0.495541573104D-01  0.496110814250D-01  0.496803347844D-01
  0.497047498869D-01  0.498312211427D-01  0.500060631346D-01  0.501227809957D-01
  0.502108345419D-01  0.502580298319D-01  0.503099396790D-01  0.503615409593D-01
  0.503902104789D-01  0.505348223152D-01  0.506048319642D-01  0.507798228581D-01
  0.509949759291D-01  0.510459963949D-01  0.511926120544D-01  0.512931401748D-01
  0.513005292530D-01  0.514196088748D-01  0.516153356675D-01  0.516748451031D-01
  0.519065400314D-01  0.519323617898D-01  0.521179045019D-01  0.521813315499D-01
  0.522207521427D-01  0.522421557957D-01  0.522579449646D-01  0.523597519331D-01
  0.524556455032D-01  0.525397708040D-01  0.527028041208D-01  0.528045200438D-01
  0.528535561398D-01  0.529496428714D-01  0.530077576067D-01  0.531055834289D-01
  0.531882089911D-01  0.533229431539D-01  0.535184409645D-01  0.536169879834D-01
  0.536958063875D-01  0.537705182307D-01  0.538856159250D-01  0.539033349760D-01
  0.540436491751D-01  0.540705175621D-01  0.541230914685D-01  0.542329318183D-01
  0.543636944382D-01  0.543651091905D-01  0.546692860985D-01  0.546752822621D-01
  0.546775893730D-01  0.548070583239D-01  0.548203752666D-01  0.548767278742D-01
  0.548998674032D-01  0.549148232796D-01  0.549492467380D-01  0.551914812399D-01
  0.553482495996D-01  0.553879647609D-01  0.555158668431D-01  0.555294670034D-01
  0.555963710463D-01  0.556112464384D-01  0.558283383968D-01  0.558644488303D-01
  0.560344463776D-01  0.561435037082D-01  0.561813626082D-01  0.562396714156D-01
  0.564584129422D-01  0.565972604968D-01  0.566051517967D-01  0.566250413745D-01
  0.566564009791D-01  0.567859509682D-01  0.567863072292D-01  0.568171711589D-01
  0.571695765241D-01  0.572222203419D-01  0.572929007719D-01  0.573392192843D-01
  0.573516464417D-01  0.573525242633D-01  0.573825401825D-01  0.574105539482D-01
  0.575728451684D-01  0.576720141438D-01  0.576772729576D-01  0.578781265062D-01
  0.578895950898D-01  0.579137380191D-01  0.580777136658D-01  0.581015736401D-01
  0.582011625027D-01  0.582331587729D-01  0.582896445965D-01  0.584046743008D-01
  0.584558848765D-01  0.585435340640D-01  0.585811327388D-01  0.587011352000D-01
  0.587396373983D-01  0.589286233554D-01  0.590195048280D-01  0.591216855807D-01
  0.591275329847D-01  0.592006336042D-01  0.592584984889D-01  0.592632434191D-01
  0.592750825884D-01  0.593343729581D-01  0.596577401512D-01  0.597474457793D-01
  0.597593109919D-01  0.597741794735D-01  0.598199395990D-01  0.598776739975D-01
  0.598947596689D-01  0.599016809136D-01  0.599918765691D-01  0.600382449173D-01
  0.601605649649D-01  0.602169269224D-01  0.603324081475D-01  0.604289168833D-01
  0.604314431568D-01  0.605501532584D-01  0.606665067627D-01  0.607780787231D-01
  0.608299672077D-01  0.609328148659D-01  0.609440529192D-01  0.610091804237D-01
  0.610462340256D-01  0.610715169458D-01  0.611554494231D-01  0.612923120585D-01
  0.615580334556D-01  0.615694991786D-01  0.616071494096D-01  0.616135072700D-01
  0.616380445011D-01  0.617038373050D-01  0.618035357023D-01  0.618505608945D-01
  0.618786488629D-01  0.619375344059D-01  0.620397651309D-01  0.621371398351D-01
  0.621425020966D-01  0.622052169227D-01  0.622871454386D-01  0.623626723825D-01
  0.623963300093D-01  0.624341608991D-01  0.624886345590D-01  0.624961432770D-01
  0.625436145609D-01  0.625649140146D-01  0.626417237077D-01  0.627758792101D-01
  0.628477744560D-01  0.629416376786D-01  0.629665766449D-01  0.630142482530D-01
  0.631682111031D-01  0.632247920670D-01  0.633426087590D-01  0.633573644326D-01
  0.634281482558D-01  0.634836054891D-01  0.635430610148D-01  0.636031535532D-01
  0.636155885620D-01  0.636758885372D-01  0.638398661407D-01  0.640063626363D-01
  0.641009582217D-01  0.641048062740D-01  0.641090108317D-01  0.641371809294D-01
  0.641394691335D-01  0.641718173217D-01  0.641776286595D-01  0.644192064903D-01
  0.644331882070D-01  0.644998051793D-01  0.645212303800D-01  0.645853614530D-01
  0.646240159625D-01  0.646330350981D-01  0.647466928203D-01  0.648063078430D-01
  0.648381008161D-01  0.649711022231D-01  0.650342613713D-01  0.650768945108D-01
  0.651211009715D-01  0.651302169962D-01  0.652089899839D-01  0.652488050338D-01
  0.654448626512D-01  0.654660811283D-01  0.654705648214D-01  0.655030524103D-01
  0.657769332207D-01  0.658031185286D-01  0.658385581046D-01  0.658722052414D-01
  0.658953882207D-01  0.659089658320D-01  0.660267186406D-01  0.660344416720D-01
  0.660448561662D-01  0.661810537803D-01  0.662696328036D-01  0.662822641999D-01
  0.663827522429D-01  0.663987923679D-01  0.665422682626D-01  0.665703255920D-01
  0.665847960654D-01  0.666255034019D-01  0.666386516487D-01  0.666675098672D-01
  0.667705339714D-01  0.668346831905D-01  0.669002161508D-01  0.669485231364D-01
  0.669564389419D-01  0.670069575759D-01  0.670570601542D-01  0.670897599749D-01
  0.671036889279D-01  0.672193012441D-01  0.673045265624D-01  0.673173853961D-01
  0.673878825869D-01  0.675059393339D-01  0.675662942402D-01  0.675990536229D-01
  0.676322629547D-01  0.676445869767D-01  0.676883110493D-01  0.679196048202D-01
  0.679363290604D-01  0.679417111852D-01  0.680395030890D-01  0.680725187815D-01
  0.682409594754D-01  0.682911388295D-01  0.683234015764D-01  0.683704402890D-01
  0.683749831163D-01  0.684216006050D-01  0.684370539526D-01  0.684807412800D-01
  0.685212138257D-01  0.685834817825D-01  0.686461126952D-01  0.687849630272D-01
  0.688533571574D-01  0.688981801630D-01  0.689213734710D-01  0.689336269099D-01
  0.689974984494D-01  0.690648692899D-01  0.691035990496D-01  0.691590227594D-01
  0.692180681387D-01  0.692745855826D-01  0.693548409150D-01  0.693862178154D-01
  0.694259939599D-01  0.694788509437D-01  0.694906562685D-01  0.695452189719D-01
  0.695724167514D-01  0.695808230977D-01  0.697625541436D-01  0.698209234402D-01
  0.698400699721D-01  0.698886062267D-01  0.699939762716D-01  0.700279978562D-01
  0.700389651888D-01  0.700462571681D-01  0.700761345511D-01  0.700850732649D-01
  0.701998765459D-01  0.702396821710D-01  0.703020202323D-01  0.703620054221D-01
  0.704326380589D-01  0.705797806938D-01  0.706070208188D-01  0.706358975583D-01
  0.706624161740D-01  0.706677301512D-01  0.708263222221D-01  0.708645996338D-01
  0.708662806518D-01  0.709117149876D-01  0.709682356974D-01  0.710035130197D-01
  0.710243051148D-01  0.710994636365D-01  0.711063524944D-01  0.711653944967D-01
  0.711760805055D-01  0.712459299414D-01  0.714209506802D-01  0.714276344583D-01
  0.714559762469D-01  0.715422564573D-01  0.715704425568D-01  0.715720693069D-01
  0.715870922750D-01  0.716448124225D-01  0.716707234988D-01  0.717542878678D-01
  0.717558825525D-01  0.718133843106D-01  0.718983173965D-01  0.719254250648D-01
  0.720215373567D-01  0.720569748114D-01  0.721300650543D-01  0.721897175021D-01
  0.722127392801D-01  0.722372924470D-01  0.723175232042D-01  0.723816055622D-01
  0.724483527849D-01  0.724515477733D-01  0.725503376551D-01  0.725738853336D-01
  0.725911070118D-01  0.726168707895D-01  0.726509842489D-01  0.727434203307D-01
  0.727715079927D-01  0.727847226307D-01  0.727982438452D-01  0.729183049016D-01
  0.730238548596D-01  0.730239228534D-01  0.731350745373D-01  0.732523187536D-01
  0.732617012212D-01  0.733380872153D-01  0.733467143663D-01  0.733811903157D-01
  0.734006743040D-01  0.734822742479D-01  0.734895570197D-01  0.735405970382D-01
  0.735412205554D-01  0.735860589185D-01  0.736119275043D-01  0.738220457261D-01
  0.738374958865D-01  0.738412186117D-01  0.739203581877D-01  0.739854241223D-01
  0.739929794422D-01  0.740113539332D-01  0.740187925899D-01  0.740315132809D-01
  0.740598266739D-01  0.740799326214D-01  0.741743718164D-01  0.741934477101D-01
  0.742305770583D-01  0.742324893987D-01  0.742765608438D-01  0.743158334282D-01
  0.744024950202D-01  0.744814885197D-01  0.744829380393D-01  0.745262871063D-01
  0.745558699232D-01  0.746556491807D-01  0.746802792291D-01  0.747585671954D-01
  0.748078496872D-01  0.748487063289D-01  0.749117790969D-01  0.749636166392D-01
  0.750268248554D-01  0.750447923625D-01  0.750850387322D-01  0.751106436550D-01
  0.752288495371D-01  0.752289494422D-01  0.752575126069D-01  0.752758594003D-01
  0.753234366782D-01  0.753586313469D-01  0.753761957344D-01  0.753996583069D-01
  0.754055789454D-01  0.757290645499D-01  0.757603421694D-01  0.757661632786D-01
  0.758169072290D-01  0.758268211660D-01  0.759011612470D-01  0.759110694586D-01
  0.759191005472D-01  0.759210042635D-01  0.759292356946D-01  0.759607382206D-01
  0.759718115141D-01  0.760016721763D-01  0.761850846260D-01  0.762326226798D-01
  0.762587131975D-01  0.763746558837D-01  0.763986488620D-01  0.764507226065D-01
  0.764825194416D-01  0.764837862627D-01  0.765184420037D-01  0.765212106055D-01
  0.765497495565D-01  0.765991955830D-01  0.766383965555D-01  0.766707055322D-01
  0.767317513163D-01  0.767654461573D-01  0.767855361983D-01  0.768033320242D-01
  0.768441499255D-01  0.768600683971D-01  0.768760702632D-01  0.770001024063D-01
  0.770280267646D-01  0.770842995295D-01  0.770918387938D-01  0.771249823983D-01
  0.772228660174D-01  0.772383094797D-01  0.772930974400D-01  0.775045657345D-01
  0.775222547957D-01  0.775674991313D-01  0.775695363903D-01  0.776299545842D-01
  0.776543413652D-01  0.776647508427D-01  0.776742088560D-01  0.777200857185D-01
  0.777814009480D-01  0.777978862323D-01  0.778480672636D-01  0.778515522349D-01
  0.778818738206D-01  0.779218914671D-01  0.780792261078D-01  0.781054966215D-01
  0.781789385800D-01  0.782456048326D-01  0.782773034233D-01  0.782774561865D-01
  0.783915771991D-01  0.783917546812D-01  0.783955933232D-01  0.784170856571D-01
  0.784220392091D-01  0.784465856907D-01  0.784679624121D-01  0.784830959054D-01
  0.785053965674D-01  0.785261537173D-01  0.785321779185D-01  0.786737946615D-01
  0.787125307444D-01  0.787351923166D-01  0.787443832050D-01  0.788320303691D-01
  0.789256638939D-01  0.789555087512D-01  0.790374385016D-01  0.790422460660D-01
  0.790460954310D-01  0.790735818961D-01  0.790974971917D-01  0.791464214462D-01
  0.791612178267D-01  0.791964637013D-01  0.792818461629D-01  0.793369085269D-01
  0.794007054576D-01  0.794699253761D-01  0.794722704233D-01  0.794791639112D-01
  0.794815101934D-01  0.795218624030D-01  0.795614290586D-01  0.795914327484D-01
  0.796189428809D-01  0.796209272539D-01  0.797508670078D-01  0.797811650608D-01
  0.799283001025D-01  0.799906087382D-01  0.800390367385D-01  0.800561212155D-01
  0.800661871603D-01  0.800752282764D-01  0.801076340784D-01  0.801519238211D-01
  0.802041699791D-01  0.802113867569D-01  0.802455159144D-01  0.802608635547D-01
  0.803104124026D-01  0.803400382469D-01  0.803948168303D-01  0.804231293575D-01
  0.804988576023D-01  0.805661054767D-01  0.805942666385D-01  0.806398690944D-01
  0.807289301692D-01  0.807796447664D-01  0.808017010260D-01  0.808221856353D-01
  0.808922086659D-01  0.809458117115D-01  0.809583795153D-01  0.809593206411D-01
  0.809916017882D-01  0.810026031663D-01  0.810220667382D-01  0.810481733203D-01
  0.810517941379D-01  0.810851649229D-01  0.810951070459D-01  0.811373489486D-01
  0.811657946575D-01  0.812025906405D-01  0.812906258254D-01  0.813124295686D-01
  0.813615406875D-01  0.814240610304D-01  0.814283095577D-01  0.815601290745D-01
  0.815723824633D-01  0.816256610490D-01  0.816394230874D-01  0.816574322538D-01
  0.817658374572D-01  0.817847647011D-01  0.818288209499D-01  0.818570345718D-01
  0.818795710827D-01  0.819412890039D-01  0.819461522864D-01  0.819462803585D-01
  0.819859059517D-01  0.819971304180D-01  0.820622337091D-01  0.820841925985D-01
  0.821290468677D-01  0.821724386364D-01  0.822366427528D-01  0.823005318800D-01
  0.823165296159D-01  0.823848966522D-01  0.824810851206D-01  0.824918982182D-01
  0.825002033829D-01  0.825012786773D-01  0.825178237650D-01  0.825298678243D-01
  0.825391056604D-01  0.825535004720D-01  0.825813359194D-01  0.825955660496D-01
  0.827662457773D-01  0.828093861996D-01  0.828158056493D-01  0.828380879951D-01
  0.828811260045D-01  0.828835113381D-01  0.829186884894D-01  0.829338004874D-01
  0.829836274954D-01  0.829970063039D-01  0.830090953711D-01  0.831038514779D-01
  0.831587029395D-01  0.831719832107D-01  0.832022865017D-01  0.833277252755D-01
  0.833580779812D-01  0.834213886997D-01  0.834483493918D-01  0.834562232503D-01
  0.834609668133D-01  0.834744884799D-01  0.834994876242D-01  0.835093014532D-01
  0.835146586645D-01  0.835626917426D-01  0.835765278239D-01  0.836589271426D-01
  0.837351130170D-01  0.837907577058D-01  0.838041609485D-01  0.838116170815D-01
  0.838250871918D-01  0.838911753844D-01  0.839737862339D-01  0.840560612474D-01
  0.840649594584D-01  0.841053387383D-01  0.841106075371D-01  0.841488896284D-01
  0.841675071012D-01  0.841838033757D-01  0.841901900757D-01  0.842205805086D-01
  0.842379204121D-01  0.842383452853D-01  0.843643305237D-01  0.843688481609D-01
  0.844290747374D-01  0.845010231694D-01  0.845253854779D-01  0.845571874111D-01
  0.845993503120D-01  0.846382382427D-01  0.847060860640D-01  0.847069920932D-01
  0.847717191567D-01  0.848259428584D-01  0.848499672401D-01  0.848783783638D-01
  0.849062615192D-01  0.849416310717D-01  0.849517214901D-01  0.850126854773D-01
  0.850206598558D-01  0.850650611989D-01  0.851083347737D-01  0.851911798295D-01
  0.852094760455D-01  0.852376243654D-01  0.852573971373D-01  0.852733805814D-01
  0.852959844927D-01  0.853352260000D-01  0.853543338358D-01  0.853779505569D-01
  0.854184576165D-01  0.854408351239D-01  0.854500644561D-01  0.855312617104D-01
  0.855940075688D-01  0.855957171432D-01  0.856074164513D-01  0.856299569398D-01
  0.857185623036D-01  0.857358891890D-01  0.858025653360D-01  0.858038420414D-01
  0.858206403336D-01  0.858350428546D-01  0.858715786605D-01  0.859112867178D-01
  0.859126866173D-01  0.859128367541D-01  0.859400884543D-01  0.859606038659D-01
  0.860376134590D-01  0.860432561759D-01  0.861241127016D-01  0.861272945274D-01
  0.861876731459D-01  0.862142595981D-01  0.862512719411D-01  0.863169536237D-01
  0.863517317491D-01  0.863568906577D-01  0.863777835116D-01  0.863904043981D-01
  0.864982634091D-01  0.865074970957D-01  0.865334403878D-01  0.865499343817D-01
  0.865811994185D-01  0.866450625257D-01  0.866582589053D-01  0.866990126340D-01
  0.867040571908D-01  0.867119962662D-01  0.867222727054D-01  0.867320573992D-01
  0.867813925647D-01  0.869131641244D-01  0.869386155407D-01  0.870229610726D-01
  0.870703163572D-01  0.870888024693D-01  0.871289391929D-01  0.871335679818D-01
  0.871367127669D-01  0.871690872470D-01  0.872005355137D-01  0.872360525960D-01
  0.872520767544D-01  0.873165556308D-01  0.873432721378D-01  0.873485840704D-01
  0.873945734076D-01  0.874531934745D-01  0.874775656276D-01  0.874967637531D-01
  0.876031581138D-01  0.876202441430D-01  0.876451396695D-01  0.877051018908D-01
  0.877078933162D-01  0.877146869234D-01  0.877324160150D-01  0.877852268152D-01
  0.878168394934D-01  0.878293912117D-01  0.878774526140D-01  0.879291937364D-01
  0.879599954408D-01  0.879774549443D-01  0.879942762192D-01  0.880359138240D-01
  0.880437217427D-01  0.880560054677D-01  0.880714153682D-01  0.880868838726D-01
  0.880885146557D-01  0.881553486677D-01  0.882128876121D-01  0.882537302661D-01
  0.882753829241D-01  0.882770236163D-01  0.883107701769D-01  0.883270001516D-01
  0.884114829988D-01  0.884334660348D-01  0.885295648133D-01  0.885574106210D-01
  0.885655080366D-01  0.885755013634D-01  0.885961773721D-01  0.886111556463D-01
  0.886326207249D-01  0.887698255812D-01  0.887941632949D-01  0.888216763749D-01
  0.888297035538D-01  0.888375419981D-01  0.888465084691D-01  0.888514367122D-01
  0.888515614282D-01  0.889026178039D-01  0.889945912936D-01  0.890441632591D-01
  0.890578048642D-01  0.890921264003D-01  0.891506982657D-01  0.891928412108D-01
  0.892166166708D-01  0.892363843844D-01  0.892417150085D-01  0.892620602653D-01
  0.892883171306D-01  0.893196496043D-01  0.893333456630D-01  0.893897844912D-01
  0.894148202710D-01  0.895045683494D-01  0.895552304078D-01  0.895829746648D-01
  0.895900770915D-01  0.896254534970D-01  0.896849066469D-01  0.897032187653D-01
  0.897274241104D-01  0.897347169634D-01  0.897355743935D-01  0.897569190144D-01
  0.897983589089D-01  0.898296642768D-01  0.898532786607D-01  0.898667050204D-01
  0.899059657555D-01  0.899331893868D-01  0.899645462891D-01  0.899722377218D-01
  0.900593515086D-01  0.900845096019D-01  0.901178085523D-01  0.901708513475D-01
  0.901823515964D-01  0.902258549000D-01  0.902448748406D-01  0.902614460340D-01
  0.902764190582D-01  0.903300675683D-01  0.903374351393D-01  0.903531911236D-01
  0.903705631422D-01  0.904121067990D-01  0.904150197655D-01  0.904585771144D-01
  0.904741448030D-01  0.904803054673D-01  0.905069888367D-01  0.905232194741D-01
  0.905826748599D-01  0.905860908627D-01  0.906100499835D-01  0.906406866268D-01
  0.907115302123D-01  0.907303421343D-01  0.907338745812D-01  0.907663176477D-01
  0.907740348810D-01  0.908070686227D-01  0.908734565659D-01  0.908856848659D-01
  0.908973436844D-01  0.909134143580D-01  0.909212669868D-01  0.910461660547D-01
  0.911028807884D-01  0.911223904386D-01  0.911383351110D-01  0.911426697086D-01
  0.912147942414D-01  0.913521584047D-01  0.913530281977D-01  0.913883194089D-01
  0.914069293538D-01  0.914478072099D-01  0.914579941089D-01  0.914640885461D-01
  0.914987475494D-01  0.915014188002D-01  0.915842836271D-01  0.915939319873D-01
  0.916045000093D-01  0.916340118839D-01  0.916386647280D-01  0.916502805956D-01
  0.916850948465D-01  0.917034273189D-01  0.917551184086D-01  0.918105842060D-01
  0.919285304826D-01  0.919412104166D-01  0.919556214256D-01  0.919605365119D-01
  0.919938124977D-01  0.920633991889D-01  0.920703847581D-01  0.920964396131D-01
  0.921176620260D-01  0.921432956689D-01  0.921597900763D-01  0.921610567129D-01
  0.921630759477D-01  0.921657805684D-01  0.921704302417D-01  0.922290401244D-01
  0.922579268119D-01  0.922802904784D-01  0.923100250363D-01  0.923149823254D-01
  0.923460005808D-01  0.923720379435D-01  0.923826064244D-01  0.924089701019D-01
  0.925173426981D-01  0.925203804003D-01  0.925570479298D-01  0.925584307669D-01
  0.925822972829D-01  0.926114901390D-01  0.926785167798D-01  0.927114316346D-01
  0.927220766812D-01  0.927270343751D-01  0.928286896737D-01  0.928578924160D-01
  0.928752242354D-01  0.929104991272D-01  0.929466817014D-01  0.929939019146D-01
  0.930069039379D-01  0.930114160930D-01  0.930206289535D-01  0.930404602802D-01
  0.930905227220D-01  0.931265994048D-01  0.931386907302D-01  0.931402176279D-01
  0.932133894237D-01  0.932372103645D-01  0.932372930010D-01  0.932798431144D-01
  0.932937026724D-01  0.933271796298D-01  0.933458293491D-01  0.933509789308D-01
  0.934243719959D-01  0.934406876503D-01  0.934487574168D-01  0.934595354919D-01
  0.934740974433D-01  0.934751947125D-01  0.935328037630D-01  0.935538019821D-01
  0.936235600985D-01  0.936498054721D-01  0.937197848592D-01  0.937325560638D-01
  0.937898325386D-01  0.937997104000D-01  0.938366475517D-01  0.938475867169D-01
  0.939213959581D-01  0.939245542355D-01  0.939394119226D-01  0.939398178135D-01
  0.939467687022D-01  0.939481780130D-01  0.940060239173D-01  0.940157206595D-01
  0.940165725224D-01  0.940214630741D-01  0.940217499223D-01  0.940293790824D-01
  0.941848119776D-01  0.941948084946D-01  0.942459783163D-01  0.942534769889D-01
  0.942698962880D-01  0.942898067654D-01  0.943915138015D-01  0.944109144540D-01
  0.944259200275D-01  0.944768009642D-01  0.944928359147D-01  0.944946712366D-01
  0.945308351629D-01  0.945620476130D-01  0.945746870931D-01  0.945990754820D-01
  0.946486243596D-01  0.946784113364D-01  0.946885182341D-01  0.947569935694D-01
  0.947663451834D-01  0.947686510149D-01  0.947739322436D-01  0.947974155253D-01
  0.948134155386D-01  0.948197503517D-01  0.948235727113D-01  0.948451171527D-01
  0.949013433656D-01  0.949076079145D-01  0.949311364539D-01  0.949332645688D-01
  0.949490905896D-01  0.950228441832D-01  0.950251380317D-01  0.950849164544D-01
  0.951231109199D-01  0.951315372840D-01  0.951787991531D-01  0.951802012415D-01
  0.952085780070D-01  0.952098779716D-01  0.952272914937D-01  0.952911816393D-01
  0.954178761954D-01  0.954453790770D-01  0.954705913164D-01  0.955315323187D-01
  0.955431864304D-01  0.955650529129D-01  0.955755093290D-01  0.955846079585D-01
  0.955849665424D-01  0.956336713391D-01  0.956493672212D-01  0.956605941563D-01
  0.956972552543D-01  0.957317887171D-01  0.957432881991D-01  0.957534693204D-01
  0.957686766967D-01  0.957769907617D-01  0.957890665114D-01  0.958505775762D-01
  0.958784381235D-01  0.959421333927D-01  0.959692052986D-01  0.960560066064D-01
  0.961083062686D-01  0.961231984392D-01  0.961353955274D-01  0.961390462547D-01
  0.961482734926D-01  0.961692839921D-01  0.962047357166D-01  0.962300057856D-01
  0.962362095402D-01  0.962433191115D-01  0.963042593019D-01  0.963188972885D-01
  0.963394138705D-01  0.963513840993D-01  0.963600681210D-01  0.964029574752D-01
  0.964440669536D-01  0.964518151278D-01  0.964524503686D-01  0.964639895388D-01
  0.964837518504D-01  0.965603912291D-01  0.965852717477D-01  0.966151978058D-01
  0.966361003900D-01  0.966415812692D-01  0.966560806514D-01  0.966817688894D-01
  0.966844158993D-01  0.967518700717D-01  0.967823056335D-01  0.967846993718D-01
  0.968050258336D-01  0.968202494700D-01  0.968615234637D-01  0.969019533839D-01
  0.969721651673D-01  0.969827342410D-01  0.969830186400D-01  0.970192397500D-01
  0.970567148107D-01  0.970616648443D-01  0.970966218335D-01  0.970974561737D-01
  0.971130428629D-01  0.971486417487D-01  0.971802433169D-01  0.972448239112D-01
  0.972586727074D-01  0.972749956998D-01  0.972947868051D-01  0.973733972818D-01
  0.974029310734D-01  0.974069457444D-01  0.974248217391D-01  0.974293631201D-01
  0.974417876146D-01  0.974475961087D-01  0.974695767905D-01  0.975042300734D-01
  0.975369421591D-01  0.975586198173D-01  0.975879204831D-01  0.976005797034D-01
  0.976158978373D-01  0.976214382461D-01  0.976496213268D-01  0.976554696135D-01
  0.976869576162D-01  0.977129402139D-01  0.977465182975D-01  0.978060741994D-01
  0.978170758434D-01  0.979221199304D-01  0.979623964717D-01  0.979758030415D-01
  0.979829318121D-01  0.979883001484D-01  0.980070466441D-01  0.980343338613D-01
  0.980531487884D-01  0.980630414803D-01  0.980775936736D-01  0.980922283155D-01
  0.981158222106D-01  0.981502540812D-01  0.981853627230D-01  0.981931859793D-01
  0.982063108813D-01  0.982542519447D-01  0.982722093521D-01  0.983096406663D-01
  0.983154491512D-01  0.983272332424D-01  0.983878224710D-01  0.984095649583D-01
  0.984554802896D-01  0.984936812843D-01  0.985268094370D-01  0.985299981235D-01
  0.985904760551D-01  0.986109348543D-01  0.986500752001D-01  0.986667708514D-01
  0.986830945938D-01  0.986879755844D-01  0.987080401184D-01  0.987311519497D-01
  0.987495047401D-01  0.987638777759D-01  0.987885671720D-01  0.988155945908D-01
  0.988768105586D-01  0.988922793926D-01  0.988970441122D-01  0.989154302602D-01
  0.989686715267D-01  0.989883434619D-01  0.990297303961D-01  0.990561118113D-01
  0.990711679546D-01  0.990817735441D-01  0.990946643110D-01  0.991280167138D-01
  0.991686462779D-01  0.991773966155D-01  0.991845760929D-01  0.992002146340D-01
  0.992208306552D-01  0.992396396889D-01  0.992881411475D-01  0.992963411413D-01
  0.992970467282D-01  0.993019014397D-01  0.993316940170D-01  0.993918009465D-01
  0.994157957215D-01  0.994340697367D-01  0.994506883619D-01  0.994623743290D-01
  0.994788008931D-01  0.995219686242D-01  0.995272231747D-01  0.995510329340D-01
  0.995913961492D-01  0.996051530230D-01  0.996530752864D-01  0.996621164191D-01
  0.996817739681D-01  0.997168523822D-01  0.997707272595D-01  0.997925770886D-01
  0.998159224198D-01  0.998179805223D-01  0.998374696638D-01  0.998405330340D-01
  0.998442619032D-01  0.998653821485D-01  0.998817696079D-01  0.999125438993D-01
  0.999862620015D-01  0.100005125122D+00  0.100031249444D+00  0.100065219243D+00
  0.100088780382D+00  0.100108334916D+00  0.100145727473D+00  0.100159322901D+00
  0.100204867534D+00  0.100220191231D+00  0.100237502353D+00  0.100259403836D+00
  0.100313194592D+00  0.100327948122D+00  0.100330320405D+00  0.100342956898D+00
  0.100349137421D+00  0.100381670106D+00  0.100445985327D+00  0.100448669318D+00
  0.100456842202D+00  0.100475376832D+00  0.100500086824D+00  0.100586840507D+00
  0.100596074027D+00  0.100607571778D+00  0.100625358559D+00  0.100670057315D+00
  0.100700829009D+00  0.100703091729D+00  0.100747132592D+00  0.100787926084D+00
  0.100800586491D+00  0.100805634762D+00  0.100816636404D+00  0.100840313837D+00
  0.100842585736D+00  0.100857563408D+00  0.100868581589D+00  0.100916233802D+00
  0.100920073060D+00  0.100922221353D+00  0.100984862614D+00  0.100997623239D+00
  0.101009994523D+00  0.101134271015D+00  0.101156877880D+00  0.101159702622D+00
  0.101175592754D+00  0.101226096712D+00  0.101232151903D+00  0.101259713539D+00
  0.101272657845D+00  0.101309085639D+00  0.101310603605D+00  0.101318787248D+00
  0.101325703207D+00  0.101348217053D+00  0.101353847044D+00  0.101357589627D+00
  0.101380164018D+00  0.101437210836D+00  0.101453574801D+00  0.101461802627D+00
  0.101490394172D+00  0.101498823556D+00  0.101530099966D+00  0.101569480100D+00
  0.101592350948D+00  0.101601877602D+00  0.101609669454D+00  0.101620583006D+00
  0.101680532948D+00  0.101696301975D+00  0.101747095403D+00  0.101770660956D+00
  0.101774610009D+00  0.101775520099D+00  0.101803669564D+00  0.101820252186D+00
  0.101821387786D+00  0.101830533620D+00  0.101853629490D+00  0.101928112632D+00
  0.101938748410D+00  0.101947351933D+00  0.101955602430D+00  0.101964287233D+00
  0.101988425024D+00  0.102002733067D+00  0.102099771098D+00  0.102114896562D+00
  0.102124512044D+00  0.102131414685D+00  0.102135862438D+00  0.102141753570D+00
  0.102226840507D+00  0.102247406681D+00  0.102251139631D+00  0.102289074582D+00
  0.102290591902D+00  0.102330003822D+00  0.102371744304D+00  0.102384078258D+00
  0.102397824327D+00  0.102431704516D+00  0.102456261062D+00  0.102471569098D+00
  0.102489356484D+00  0.102519967406D+00  0.102580843487D+00  0.102593543122D+00
  0.102608073641D+00  0.102611464081D+00  0.102615200269D+00  0.102638113922D+00
  0.102667888168D+00  0.102675242075D+00  0.102681080320D+00  0.102699880137D+00
  0.102700465049D+00  0.102720466975D+00  0.102830427831D+00  0.102852913249D+00
  0.102875847637D+00  0.102941273931D+00  0.102961472538D+00  0.102994132083D+00
  0.102994404116D+00  0.102996739187D+00  0.103006837184D+00  0.103019150974D+00
  0.103062364721D+00  0.103064532536D+00  0.103095728998D+00  0.103104776047D+00
  0.103127187329D+00  0.103156405278D+00  0.103165941583D+00  0.103203803849D+00
  0.103215431377D+00  0.103242529495D+00  0.103260912567D+00  0.103290344424D+00
  0.103327720648D+00  0.103368227667D+00  0.103397281604D+00  0.103403253672D+00
  0.103440490574D+00  0.103449786106D+00  0.103491393918D+00  0.103537311867D+00
  0.103547714787D+00  0.103570110049D+00  0.103589251880D+00  0.103612043017D+00
  0.103616828358D+00  0.103643095755D+00  0.103665450840D+00  0.103672237895D+00
  0.103679681175D+00  0.103707308229D+00  0.103714996080D+00  0.103746132782D+00
  0.103761224439D+00  0.103772573371D+00  0.103790170915D+00  0.103798595008D+00
  0.103899419684D+00  0.103911766685D+00  0.103937216875D+00  0.103942234905D+00
  0.103955877515D+00  0.103969373414D+00  0.103980990954D+00  0.103995446671D+00
  0.104003048085D+00  0.104037129319D+00  0.104075528033D+00  0.104085676622D+00
  0.104088684631D+00  0.104095100552D+00  0.104137565468D+00  0.104146368015D+00
  0.104163648352D+00  0.104187325449D+00  0.104208267049D+00  0.104232439088D+00
  0.104240245755D+00  0.104285058448D+00  0.104318494227D+00  0.104334622707D+00
  0.104384784884D+00  0.104389597865D+00  0.104412422784D+00  0.104430974538D+00
  0.104440507015D+00  0.104442392428D+00  0.104482497839D+00  0.104506496174D+00
  0.104511355634D+00  0.104522486638D+00  0.104523520396D+00  0.104569545683D+00
  0.104617255682D+00  0.104626768017D+00  0.104656702571D+00  0.104716159866D+00
  0.104745670984D+00  0.104748844713D+00  0.104784866100D+00  0.104803061686D+00
  0.104813819352D+00  0.104829293420D+00  0.104836826125D+00  0.104898528746D+00
  0.104918656219D+00  0.104921812870D+00  0.104925137934D+00  0.104985958819D+00
