   2   0   0   0   2  4680
  0.691342136240D-02  0.954803798499D-02  0.955161402894D-02  0.114280803158D-01
  0.121738659215D-01  0.121773708730D-01  0.140711780607D-01  0.140748885433D-01
  0.147275186349D-01  0.147911656428D-01  0.147945914134D-01  0.159235835102D-01
  0.167047018297D-01  0.167083385291D-01  0.173241355504D-01  0.174002894061D-01
  0.174036297804D-01  0.185749700059D-01  0.185788155208D-01  0.191979277170D-01
  0.193289441289D-01  0.193324992330D-01  0.198890622404D-01  0.199121788906D-01
  0.200016532238D-01  0.200049035224D-01  0.203999472278D-01  0.212159953979D-01
  0.212197640339D-01  0.218023465139D-01  0.219442860178D-01  0.219477535820D-01
  0.224564669365D-01  0.224599634900D-01  0.224919612143D-01  0.225957152175D-01
  0.225988720247D-01  0.230594277694D-01  0.230634090794D-01  0.236486222368D-01
  0.238469869519D-01  0.238506711972D-01  0.243070243966D-01  0.243974205304D-01
  0.245511691212D-01  0.245545447168D-01  0.248571803000D-01  0.250152861802D-01
  0.250187112952D-01  0.250638723758D-01  0.251829589208D-01  0.251860198642D-01
  0.257077583434D-01  0.257116592957D-01  0.262606288766D-01  0.264683568571D-01
  0.264719510679D-01  0.268823733826D-01  0.268860023551D-01  0.269834925779D-01
  0.271500743247D-01  0.271533547569D-01  0.275245597754D-01  0.275286778155D-01
  0.275657832102D-01  0.275691285412D-01  0.275744422182D-01  0.276283543248D-01
  0.277638804555D-01  0.277668440253D-01  0.280796659035D-01  0.283453032472D-01
  0.283491166580D-01  0.287048675164D-01  0.288625187274D-01  0.290805742477D-01
  0.290840742816D-01  0.292952860820D-01  0.294483450276D-01  0.294518998409D-01
  0.295609794536D-01  0.297415056003D-01  0.297446886821D-01  0.301039585916D-01
  0.301083147391D-01  0.301115738964D-01  0.301799980738D-01  0.301840319060D-01
  0.301858817068D-01  0.303389787548D-01  0.303418441560D-01  0.306990345706D-01
  0.309725078167D-01  0.309762283761D-01  0.312879358037D-01  0.312916975653D-01
  0.314546673479D-01  0.316841442074D-01  0.316875471329D-01  0.319484314534D-01
  0.319703700725D-01  0.319746259512D-01  0.320052352500D-01  0.320087078295D-01
  0.321303469687D-01  0.323259778024D-01  0.323290621726D-01  0.324911006642D-01
  0.326251104217D-01  0.326433015261D-01  0.326464697411D-01  0.326747253560D-01
  0.327369469789D-01  0.328238987154D-01  0.328278415184D-01  0.329087481877D-01
  0.329115152186D-01  0.330827577316D-01  0.333075158310D-01  0.335898703615D-01
  0.335934942518D-01  0.337142638376D-01  0.338608310093D-01  0.338645154498D-01
  0.340375205517D-01  0.342795920863D-01  0.342828959515D-01  0.344852601903D-01
  0.345534297089D-01  0.345568139333D-01  0.346327183720D-01  0.346368858275D-01
  0.346920910136D-01  0.349040075443D-01  0.349069925214D-01  0.351175994859D-01
  0.351382152624D-01  0.351712058556D-01  0.351742796529D-01  0.351749402796D-01
  0.351783555724D-01  0.352820490681D-01  0.354567420952D-01  0.354605889306D-01
  0.354736730748D-01  0.354763420275D-01  0.356732846790D-01  0.356771796065D-01
  0.359055191689D-01  0.361979214280D-01  0.362014460249D-01  0.363016040668D-01
  0.363968591949D-01  0.364012541979D-01  0.364238848378D-01  0.364274841708D-01
  0.366115696238D-01  0.368674518897D-01  0.368706555391D-01  0.368829520126D-01
  0.369969591554D-01  0.370129424527D-01  0.370933747225D-01  0.370966660374D-01
  0.372467232759D-01  0.372827760103D-01  0.372868486252D-01  0.374408020417D-01
  0.374761064531D-01  0.374789919190D-01  0.376436685092D-01  0.376667780533D-01
  0.376701215216D-01  0.376925141583D-01  0.376954911357D-01  0.377324417519D-01
  0.378216848175D-01  0.380342236941D-01  0.380367952719D-01  0.380790572485D-01
  0.380828046658D-01  0.381141096985D-01  0.382528494367D-01  0.382566635039D-01
  0.384935206782D-01  0.387972085755D-01  0.388006322133D-01  0.388455139105D-01
  0.389775144605D-01  0.389810228498D-01  0.390659199412D-01  0.390702219411D-01
  0.391773328118D-01  0.394482577876D-01  0.394513607191D-01  0.395047059024D-01
  0.395082521869D-01  0.395163465152D-01  0.395318285943D-01  0.396255550932D-01
  0.396287502133D-01  0.397947605616D-01  0.399210603535D-01  0.399250336049D-01
  0.400385109158D-01  0.400425394504D-01  0.400427762427D-01  0.400455625532D-01
  0.401419172370D-01  0.401505091607D-01  0.401537721547D-01  0.402077238554D-01
  0.402106024835D-01  0.402317161538D-01  0.403360717137D-01  0.403563426248D-01
  0.405908534549D-01  0.405933287049D-01  0.406342384098D-01  0.406914013447D-01
  0.406950470756D-01  0.408040248019D-01  0.408085603956D-01  0.408218176223D-01
  0.408255433315D-01  0.410720381904D-01  0.412552329585D-01  0.412978016348D-01
  0.413794898702D-01  0.413882853300D-01  0.413916071190D-01  0.415221937861D-01
  0.415256069274D-01  0.417219350578D-01  0.417261380922D-01  0.417353416082D-01
  0.417790655321D-01  0.420032585279D-01  0.420067301791D-01  0.420225379867D-01
  0.420255402431D-01  0.420423421402D-01  0.421373157437D-01  0.421504774630D-01
  0.421535741211D-01  0.423367169037D-01  0.424948173153D-01  0.425481326656D-01
  0.425520035198D-01  0.426045051261D-01  0.426071930442D-01  0.426244767031D-01
  0.426264972603D-01  0.426284203591D-01  0.426296736073D-01  0.426334406641D-01
  0.426941678942D-01  0.427173334677D-01  0.427201129246D-01  0.428864978052D-01
  0.429289967358D-01  0.431439969949D-01  0.431463772515D-01  0.431849368678D-01
  0.432943448994D-01  0.432978876210D-01  0.433806378250D-01  0.433842696452D-01
  0.434796008228D-01  0.434840384662D-01  0.436416130524D-01  0.438128679424D-01
  0.438165456090D-01  0.438952878709D-01  0.439039189863D-01  0.439717032911D-01
  0.439749229809D-01  0.440584316746D-01  0.440617464962D-01  0.442861307043D-01
  0.443654608499D-01  0.443695608649D-01  0.443836746117D-01  0.443878372941D-01
  0.444929292063D-01  0.444963179402D-01  0.445101862608D-01  0.445449549211D-01
  0.445908102904D-01  0.445937123854D-01  0.446686579277D-01  0.446716546694D-01
  0.447463396995D-01  0.448730978093D-01  0.449465217875D-01  0.450951692134D-01
  0.450982535938D-01  0.451187326312D-01  0.451484661420D-01  0.451617649078D-01
  0.451643555661D-01  0.451645778307D-01  0.451683444319D-01  0.451918620901D-01
  0.451965399330D-01  0.451990976394D-01  0.452029494485D-01  0.452218356385D-01
  0.452245156635D-01  0.452709858330D-01  0.454126093078D-01  0.455117620109D-01
  0.455778226214D-01  0.456079468952D-01  0.456940690031D-01  0.456963558415D-01
  0.457249270747D-01  0.458884612446D-01  0.458919004034D-01  0.459298121143D-01
  0.459333460035D-01  0.460975840994D-01  0.461413733070D-01  0.461457075563D-01
  0.462027968893D-01  0.463179075874D-01  0.463215072838D-01  0.464192555188D-01
  0.465221479118D-01  0.465480064040D-01  0.465511242957D-01  0.465867561717D-01
  0.465899705618D-01  0.468302307407D-01  0.468563782827D-01  0.469741135096D-01
  0.469757687072D-01  0.469774138616D-01  0.469796065659D-01  0.469798422239D-01
  0.469970923107D-01  0.470010867476D-01  0.470401672014D-01  0.471535775564D-01
  0.471563804702D-01  0.471806143401D-01  0.471835103126D-01  0.473439579977D-01
  0.474043961143D-01  0.475036864409D-01  0.475569932395D-01  0.475599823193D-01
  0.475949396655D-01  0.475982935043D-01  0.477040825583D-01  0.477074150831D-01
  0.477149883422D-01  0.477174838397D-01  0.477217326754D-01  0.477243128174D-01
  0.477628515127D-01  0.477666061733D-01  0.477709901230D-01  0.477746515491D-01
  0.478737567118D-01  0.478783312770D-01  0.479351174979D-01  0.480849325082D-01
  0.480998443586D-01  0.481036533547D-01  0.482414636239D-01  0.482436588202D-01
  0.482544126594D-01  0.482546427421D-01  0.484698715201D-01  0.484733047036D-01
  0.484743216927D-01  0.484776573107D-01  0.487088121775D-01  0.487131096772D-01
  0.487561421305D-01  0.487663604061D-01  0.487899395305D-01  0.487941668664D-01
  0.488132813436D-01  0.488167951175D-01  0.489259986028D-01  0.491076956571D-01
  0.491108084088D-01  0.491177342452D-01  0.491207509785D-01  0.491363297943D-01
  0.492385738334D-01  0.493681631390D-01  0.494400553974D-01  0.494472724257D-01
  0.494504781509D-01  0.494980683680D-01  0.495284935242D-01  0.495557693267D-01
  0.495597472426D-01  0.495603647650D-01  0.495651865127D-01  0.496174430545D-01
  0.496213305398D-01  0.496868417005D-01  0.496896368551D-01  0.497113435113D-01
  0.497140483369D-01  0.498373729933D-01  0.499307439029D-01  0.499310889672D-01
  0.499410893659D-01  0.500124590917D-01  0.500153505348D-01  0.500339927465D-01
  0.500493864478D-01  0.500726190273D-01  0.501289903107D-01  0.501322504884D-01
  0.502174100662D-01  0.502198923427D-01  0.502646906248D-01  0.502670913145D-01
  0.503162692732D-01  0.503199229954D-01  0.503679627439D-01  0.503715188698D-01
  0.503963727294D-01  0.504544427842D-01  0.505410859153D-01  0.505455523682D-01
  0.506110492793D-01  0.506147766756D-01  0.506490801298D-01  0.507745234741D-01
  0.507865543389D-01  0.507886598220D-01  0.508869404505D-01  0.510013713799D-01
  0.510047018521D-01  0.510524797655D-01  0.510557125836D-01  0.511987825425D-01
  0.512425594437D-01  0.512994242595D-01  0.513021953342D-01  0.513028464136D-01
  0.513067535191D-01  0.513109571435D-01  0.514246716139D-01  0.514259297248D-01
  0.514300481390D-01  0.516217982856D-01  0.516248084734D-01  0.516813915682D-01
  0.516843085611D-01  0.517384065618D-01  0.518018715008D-01  0.518919072492D-01
  0.519004363292D-01  0.519128921604D-01  0.519160007499D-01  0.519385277450D-01
  0.519419908798D-01  0.520104521226D-01  0.521241921337D-01  0.521280691229D-01
  0.521878623683D-01  0.521905565779D-01  0.522271314815D-01  0.522309115999D-01
  0.522483811910D-01  0.522530941421D-01  0.522645562939D-01  0.522671650290D-01
  0.523659272436D-01  0.523698673473D-01  0.524536351611D-01  0.524620647506D-01
  0.524648566991D-01  0.524660830889D-01  0.525072863972D-01  0.525421957860D-01
  0.525460053276D-01  0.525491843452D-01  0.525840653872D-01  0.525937622034D-01
  0.526998665443D-01  0.527094037827D-01  0.527117881937D-01  0.528111988443D-01
  0.528135076954D-01  0.528599086503D-01  0.528634588490D-01  0.529560820012D-01
  0.529595333562D-01  0.529709849346D-01  0.530010424658D-01  0.530139416673D-01
  0.530183746539D-01  0.531118246270D-01  0.531154627448D-01  0.531944901635D-01
  0.531988456003D-01  0.532047747160D-01  0.532851394378D-01  0.533296944080D-01
  0.533317120471D-01  0.535060413877D-01  0.535104658375D-01  0.535248598034D-01
  0.535280863806D-01  0.536234882484D-01  0.536266194283D-01  0.537019295928D-01
  0.537089439435D-01  0.537768266429D-01  0.537801523100D-01  0.538414923665D-01
  0.538918622885D-01  0.538959660003D-01  0.539095231955D-01  0.539144911025D-01
  0.539158099720D-01  0.540499871874D-01  0.540539958805D-01  0.540766514125D-01
  0.541295779061D-01  0.541324852564D-01  0.542394946823D-01  0.542423136630D-01
  0.542546499701D-01  0.543289800449D-01  0.543356021406D-01  0.543529637921D-01
  0.543698853355D-01  0.543714860016D-01  0.543732729339D-01  0.543744951607D-01
  0.544275418303D-01  0.544865586410D-01  0.546754304140D-01  0.546815924956D-01
  0.546841443776D-01  0.546853652164D-01  0.546867380368D-01  0.548136856981D-01
  0.548162006498D-01  0.548267712594D-01  0.548304444110D-01  0.548829267569D-01
  0.548867814421D-01  0.548916833863D-01  0.549063139634D-01  0.549090055356D-01
  0.549210658919D-01  0.549256657455D-01  0.549555065824D-01  0.549585977404D-01
  0.549724663226D-01  0.550075042362D-01  0.550741775773D-01  0.550953532650D-01
  0.551082369676D-01  0.551981053781D-01  0.552003928771D-01  0.552316886414D-01
  0.553549448154D-01  0.553571645150D-01  0.553943404011D-01  0.553977853480D-01
  0.554836109392D-01  0.554851229958D-01  0.555220188729D-01  0.555359221370D-01
  0.555392698969D-01  0.556026362769D-01  0.556061796614D-01  0.556174522248D-01
  0.556217863994D-01  0.557525774374D-01  0.557870230618D-01  0.558346362438D-01
  0.558388793079D-01  0.558712193898D-01  0.558731491739D-01  0.560408888758D-01
  0.560440108440D-01  0.560795626243D-01  0.561123376276D-01  0.561496514839D-01
  0.561532461777D-01  0.561659462788D-01  0.561878780632D-01  0.561909094195D-01
  0.562460043069D-01  0.562492305903D-01  0.563745513281D-01  0.563999550818D-01
  0.564646815835D-01  0.564686804901D-01  0.566034656689D-01  0.566083187230D-01
  0.566113089294D-01  0.566153800445D-01  0.566315519782D-01  0.566343564573D-01
  0.566627550056D-01  0.566666541845D-01  0.567716242588D-01  0.567925231083D-01
  0.567925280912D-01  0.567952515444D-01  0.567958268972D-01  0.568235727984D-01
  0.568264810593D-01  0.568832436602D-01  0.568923150883D-01  0.569086640761D-01
  0.569132806896D-01  0.569498865325D-01  0.569573867603D-01  0.571761561695D-01
  0.571786497819D-01  0.572147504098D-01  0.572285534188D-01  0.572322195228D-01
  0.572990666309D-01  0.573036356435D-01  0.573113044724D-01  0.573456905638D-01
  0.573482821010D-01  0.573579317485D-01  0.573591651060D-01  0.573609301113D-01
  0.573615894756D-01  0.573887627957D-01  0.573925245105D-01  0.574169651034D-01
  0.574205324508D-01  0.574688934968D-01  0.574828670454D-01  0.574881085369D-01
  0.575791040430D-01  0.575835886231D-01  0.576224481273D-01  0.576320061638D-01
  0.576781084615D-01  0.576839221654D-01  0.576861136921D-01  0.577622328083D-01
  0.578554669191D-01  0.578842317235D-01  0.578963040686D-01  0.578984380387D-01
  0.579201371127D-01  0.579234756920D-01  0.579555831265D-01  0.579972158911D-01
  0.580840031261D-01  0.580874472714D-01  0.581080428180D-01  0.581112888745D-01
  0.582073902393D-01  0.582116198281D-01  0.582393276064D-01  0.582444440562D-01
  0.582807188519D-01  0.582930491280D-01  0.582957604986D-01  0.584114635449D-01
  0.584132894814D-01  0.584621981638D-01  0.584663287576D-01  0.585486148425D-01
  0.585500006507D-01  0.585530176166D-01  0.585873051190D-01  0.585908204647D-01
  0.586140476272D-01  0.586357245341D-01  0.587064607547D-01  0.587074927675D-01
  0.587106175214D-01  0.587461654461D-01  0.587490996355D-01  0.588776010105D-01
  0.589019170324D-01  0.589347498437D-01  0.590257960089D-01  0.590296869774D-01
  0.591282209302D-01  0.591309226353D-01  0.591337135415D-01  0.591376951270D-01
  0.592004808945D-01  0.592068748943D-01  0.592100882929D-01  0.592648668960D-01
  0.592686576876D-01  0.592696700728D-01  0.592724766004D-01  0.592813037034D-01
  0.592856552580D-01  0.592860384218D-01  0.593409608806D-01  0.593435924347D-01
  0.594204639766D-01  0.594231675488D-01  0.594681886697D-01  0.594780704432D-01
  0.595563807105D-01  0.596643452357D-01  0.596667392838D-01  0.597031863216D-01
  0.597254418047D-01  0.597537568467D-01  0.597566586972D-01  0.597656672814D-01
  0.597692251878D-01  0.597806758470D-01  0.597831673619D-01  0.598260731513D-01
  0.598627725554D-01  0.598839205644D-01  0.598875841531D-01  0.599014094193D-01
  0.599037480372D-01  0.599078684193D-01  0.599123336337D-01  0.599269994509D-01
  0.599983006845D-01  0.600007626483D-01  0.600017642224D-01  0.600443648382D-01
  0.600476138094D-01  0.601272726189D-01  0.601672403082D-01  0.601693365875D-01
  0.601813443785D-01  0.602232007461D-01  0.602275694689D-01  0.603367981816D-01
  0.603385404027D-01  0.603422631301D-01  0.604174158454D-01  0.604356342486D-01
  0.604376858723D-01  0.604378662126D-01  0.604410976949D-01  0.604657396526D-01
  0.605076044517D-01  0.605564671829D-01  0.605598093360D-01  0.606729869551D-01
  0.606761341728D-01  0.607668053298D-01  0.607843286869D-01  0.607884492271D-01
  0.608267016187D-01  0.608361062534D-01  0.608403082241D-01  0.609389994398D-01
  0.609439945791D-01  0.609508590652D-01  0.609524614314D-01  0.610153776650D-01
  0.610188058153D-01  0.610421636858D-01  0.610527254078D-01  0.610537681241D-01
  0.610556371147D-01  0.610778439072D-01  0.610818630575D-01  0.611618319164D-01
  0.611648537312D-01  0.611794333662D-01  0.612129668783D-01  0.612890485000D-01
  0.612988484161D-01  0.613016894850D-01  0.613493306254D-01  0.614077822638D-01
  0.614240190984D-01  0.615641813540D-01  0.615688889918D-01  0.615758133067D-01
  0.615795941695D-01  0.616134151583D-01  0.616165344563D-01  0.616200683705D-01
  0.616226673375D-01  0.616226935595D-01  0.616442486683D-01  0.616481331927D-01
  0.616791431333D-01  0.617102892210D-01  0.617129936196D-01  0.618096122014D-01
  0.618569412479D-01  0.618606257545D-01  0.618846709512D-01  0.618852423580D-01
  0.618877868937D-01  0.619379831942D-01  0.619437700814D-01  0.619483851384D-01
  0.619825927319D-01  0.619938877688D-01  0.620378027314D-01  0.620458523918D-01
  0.621345885759D-01  0.621434785535D-01  0.621462800632D-01  0.621491340684D-01
  0.621514288326D-01  0.621803211538D-01  0.621845931447D-01  0.622117386714D-01
  0.622141305098D-01  0.622354938365D-01  0.622935255243D-01  0.622969741578D-01
  0.623689431496D-01  0.623725043864D-01  0.623820927291D-01  0.624024756525D-01
  0.624056512215D-01  0.624408099683D-01  0.624430713663D-01  0.624947325917D-01
  0.625023526964D-01  0.625067086260D-01  0.625109575065D-01  0.625497637978D-01
  0.625550315914D-01  0.625713476421D-01  0.625747104839D-01  0.626232830054D-01
  0.626484271710D-01  0.626504283202D-01  0.627227571325D-01  0.627820332513D-01
  0.627856754630D-01  0.628229580278D-01  0.628540613414D-01  0.628583150231D-01
  0.628696208248D-01  0.628977084118D-01  0.629480855299D-01  0.629512093467D-01
  0.629732870586D-01  0.629752491107D-01  0.630166205309D-01  0.630205869460D-01
  0.630238250952D-01  0.630631685749D-01  0.631743199300D-01  0.632312781916D-01
  0.632343310699D-01  0.632458127632D-01  0.633488813858D-01  0.633528898592D-01
  0.633540725644D-01  0.633635267922D-01  0.633676346007D-01  0.634343704905D-01
  0.634377055547D-01  0.634514770205D-01  0.634856412652D-01  0.634904066245D-01
  0.634911614450D-01  0.635495784079D-01  0.635523845373D-01  0.636095613037D-01
  0.636124792493D-01  0.636217874344D-01  0.636266587050D-01  0.636822265174D-01
  0.636861364146D-01  0.637112511977D-01  0.638156138711D-01  0.638464028991D-01
  0.638491576942D-01  0.638607331163D-01  0.638609949657D-01  0.639015704004D-01
  0.639413705335D-01  0.640126539298D-01  0.640156750024D-01  0.640387803988D-01
  0.640641804762D-01  0.641075468690D-01  0.641100430910D-01  0.641109213316D-01
  0.641153485555D-01  0.641190177814D-01  0.641434090739D-01  0.641459466931D-01
  0.641471918714D-01  0.641485485591D-01  0.641779868460D-01  0.641825858016D-01
  0.641837304634D-01  0.641871122916D-01  0.643422367108D-01  0.644257898024D-01
  0.644282608245D-01  0.644395766483D-01  0.644431582625D-01  0.644454645976D-01
  0.644936449728D-01  0.645059164570D-01  0.645097710246D-01  0.645275887972D-01
  0.645302944827D-01  0.645392403262D-01  0.645736050200D-01  0.645884497909D-01
  0.645916096959D-01  0.645961055181D-01  0.646014969903D-01  0.646306744053D-01
  0.646328752179D-01  0.646395858273D-01  0.646418725527D-01  0.646466086577D-01
  0.647528643014D-01  0.647559576954D-01  0.647985935091D-01  0.648127126788D-01
  0.648160511835D-01  0.648345931559D-01  0.648443961400D-01  0.648478524162D-01
  0.649777220161D-01  0.649790345218D-01  0.649799267178D-01  0.650190486247D-01
  0.650403824432D-01  0.650447120711D-01  0.650831262971D-01  0.650873682547D-01
  0.651110537464D-01  0.651278365498D-01  0.651297411139D-01  0.651366542698D-01
  0.651399214138D-01  0.651788175424D-01  0.652151687552D-01  0.652187202326D-01
  0.652549684625D-01  0.652567888953D-01  0.652601077186D-01  0.653127479567D-01
  0.654454511761D-01  0.654513367080D-01  0.654543523227D-01  0.654723782152D-01
  0.654765190674D-01  0.654769287046D-01  0.654800613041D-01  0.654927875937D-01
  0.655096516053D-01  0.655114674199D-01  0.655246853401D-01  0.655802826513D-01
  0.656484170718D-01  0.657182835887D-01  0.657834156968D-01  0.657863821160D-01
  0.658092487525D-01  0.658141079655D-01  0.658448054662D-01  0.658480434780D-01
  0.658508398114D-01  0.658756610465D-01  0.658783914166D-01  0.658823980743D-01
  0.659016842138D-01  0.659055784210D-01  0.659102112212D-01  0.659150245469D-01
  0.660305429214D-01  0.660335969822D-01  0.660409864412D-01  0.660436885953D-01
  0.660512904852D-01  0.660541015001D-01  0.661871223299D-01  0.662054469778D-01
  0.662317745536D-01  0.662759775424D-01  0.662769496936D-01  0.662797818811D-01
  0.662884752915D-01  0.662932224716D-01  0.663834203438D-01  0.663892715871D-01
  0.663919543896D-01  0.664051091623D-01  0.664080299265D-01  0.664221333533D-01
  0.664412562530D-01  0.664492580130D-01  0.664544271784D-01  0.664933913895D-01
  0.665483955703D-01  0.665516994821D-01  0.665768313986D-01  0.665793331796D-01
  0.665914137257D-01  0.665938033247D-01  0.666317558490D-01  0.666354330195D-01
  0.666450140330D-01  0.666485703722D-01  0.666735901104D-01  0.667767255620D-01
  0.667812085891D-01  0.667963029351D-01  0.668408125254D-01  0.668462326732D-01
  0.669066016024D-01  0.669092057648D-01  0.669398460463D-01  0.669435049013D-01
  0.669546589046D-01  0.669584269486D-01  0.669612757437D-01  0.669629707689D-01
  0.669654002612D-01  0.670017707490D-01  0.670133474323D-01  0.670168317159D-01
  0.670636346784D-01  0.670658309189D-01  0.670775983211D-01  0.670959573285D-01
  0.670989618747D-01  0.671025659719D-01  0.671103854588D-01  0.671124755575D-01
  0.671305827362D-01  0.671389186951D-01  0.672255590089D-01  0.672299377657D-01
  0.672848761973D-01  0.673079236717D-01  0.673108469925D-01  0.673141967602D-01
  0.673238165405D-01  0.673270435143D-01  0.673939740750D-01  0.673990821690D-01
  0.675123172040D-01  0.675146066446D-01  0.675255965098D-01  0.675724383210D-01
  0.675766727939D-01  0.675911513942D-01  0.675942309693D-01  0.676058307663D-01
  0.676076322439D-01  0.676384666822D-01  0.676419219572D-01  0.676508418577D-01
  0.676549663171D-01  0.676947406225D-01  0.676979210868D-01  0.677473556038D-01
  0.677839678583D-01  0.679259945967D-01  0.679290218249D-01  0.679425045379D-01
  0.679475141155D-01  0.679482139094D-01  0.679511187608D-01  0.679806180732D-01
  0.680314595021D-01  0.680464895907D-01  0.680470034614D-01  0.680788214197D-01
  0.680789369163D-01  0.680828534282D-01  0.681455036070D-01  0.681847448074D-01
  0.682221351816D-01  0.682408606743D-01  0.682472324635D-01  0.682503697431D-01
  0.682972225763D-01  0.683007399027D-01  0.683280207101D-01  0.683298581786D-01
  0.683327552991D-01  0.683765368229D-01  0.683811931972D-01  0.683850949550D-01
  0.683919570717D-01  0.684277526087D-01  0.684324890534D-01  0.684433744949D-01
  0.684471529126D-01  0.684872013895D-01  0.684899116506D-01  0.685277917599D-01
  0.685303810550D-01  0.685748980158D-01  0.685903785313D-01  0.686522058949D-01
  0.686561899885D-01  0.687338167823D-01  0.687416202540D-01  0.687899330532D-01
  0.687913052738D-01  0.687941244663D-01  0.688108786115D-01  0.688537504148D-01
  0.688546321512D-01  0.688597011555D-01  0.688634060843D-01  0.689043331722D-01
  0.689075515827D-01  0.689278173343D-01  0.689304724023D-01  0.689398470201D-01
  0.689444721526D-01  0.689636605059D-01  0.689738474505D-01  0.690040294648D-01
  0.690064294795D-01  0.690664699760D-01  0.690715276645D-01  0.690738077881D-01
  0.691098762942D-01  0.691108791510D-01  0.691134452163D-01  0.691654116827D-01
  0.691688538812D-01  0.692241713440D-01  0.692286416823D-01  0.692472864475D-01
  0.692809964992D-01  0.692835000115D-01  0.692944398047D-01  0.693153321702D-01
  0.693368751350D-01  0.693610553427D-01  0.693654169141D-01  0.693923782412D-01
  0.693960517161D-01  0.694322174871D-01  0.694326977340D-01  0.694351281092D-01
  0.694854523194D-01  0.694875514733D-01  0.694967593609D-01  0.694994332770D-01
  0.695077444260D-01  0.695487665139D-01  0.695513604046D-01  0.695566448223D-01
  0.695787948039D-01  0.695821920224D-01  0.695875706766D-01  0.695895474682D-01
  0.696288258649D-01  0.696647542551D-01  0.696903567151D-01  0.697322890312D-01
  0.697333002862D-01  0.697526962851D-01  0.697689001387D-01  0.697721416887D-01
  0.698273840992D-01  0.698304979854D-01  0.698463322443D-01  0.698505981497D-01
  0.698946361968D-01  0.699867409962D-01  0.699989676220D-01  0.700000167041D-01
  0.700295736551D-01  0.700341108567D-01  0.700391155233D-01  0.700459733826D-01
  0.700475104230D-01  0.700524860742D-01  0.700558412988D-01  0.700641328158D-01
  0.700829876589D-01  0.700846520414D-01  0.700912415593D-01  0.700953732025D-01
  0.701740114395D-01  0.702061558336D-01  0.702101613498D-01  0.702460768166D-01
  0.702491910234D-01  0.703048098136D-01  0.703080712018D-01  0.703684215576D-01
  0.703713418844D-01  0.703967110787D-01  0.704391750058D-01  0.704419666362D-01
  0.705038395897D-01  0.705390668891D-01  0.705650529406D-01  0.705830179778D-01
  0.705866906499D-01  0.706132050336D-01  0.706180868102D-01  0.706221121880D-01
  0.706421961698D-01  0.706452309512D-01  0.706457113690D-01  0.706685252584D-01
  0.706719588093D-01  0.706740299980D-01  0.706779599454D-01  0.707396076911D-01
  0.707818516941D-01  0.707849521962D-01  0.708323848919D-01  0.708709526274D-01
  0.708725152806D-01  0.708738381463D-01  0.708763074162D-01  0.709034730448D-01
  0.709182024950D-01  0.709208079702D-01  0.709745828639D-01  0.709782440886D-01
  0.710101335438D-01  0.710126071230D-01  0.710304796482D-01  0.710350855441D-01
  0.711055812326D-01  0.711094732962D-01  0.711124614425D-01  0.711180317983D-01
  0.711358078505D-01  0.711717552006D-01  0.711735784176D-01  0.711744849108D-01
  0.711830122215D-01  0.711866724547D-01  0.712414074574D-01  0.712521086890D-01
  0.712552356610D-01  0.712554069173D-01  0.713124358662D-01  0.713130741558D-01
  0.713592768392D-01  0.714031019814D-01  0.714275094780D-01  0.714298084213D-01
  0.714339624495D-01  0.714375796255D-01  0.714616605431D-01  0.714647996893D-01
  0.714702315099D-01  0.715164544295D-01  0.715489752762D-01  0.715511311808D-01
  0.715766663721D-01  0.715783720237D-01  0.715811730626D-01  0.715818315419D-01
  0.715931668171D-01  0.716512458876D-01  0.716536508795D-01  0.716641733842D-01
  0.716771424286D-01  0.716804681650D-01  0.716955246379D-01  0.717141744135D-01
  0.717149100091D-01  0.717308346114D-01  0.717604150567D-01  0.717621323549D-01
  0.717647936789D-01  0.717649456814D-01  0.718195696761D-01  0.718231431883D-01
  0.719049474125D-01  0.719069499127D-01  0.719136269702D-01  0.719316636724D-01
  0.719359021262D-01  0.719422767960D-01  0.719857897179D-01  0.720098055975D-01
  0.720284752619D-01  0.720304040294D-01  0.720638377631D-01  0.720656578268D-01
  0.721363981667D-01  0.721397325781D-01  0.721802181280D-01  0.721915052323D-01
  0.721957732845D-01  0.721989412684D-01  0.722191117988D-01  0.722222442898D-01
  0.722285651008D-01  0.722353845935D-01  0.722434426098D-01  0.722485931764D-01
  0.723240194792D-01  0.723270158988D-01  0.723876712254D-01  0.723913182731D-01
  0.723935808890D-01  0.724099018086D-01  0.724546103770D-01  0.724578021984D-01
  0.724587708407D-01  0.724610540502D-01  0.725305454092D-01  0.725334517119D-01
  0.725572204269D-01  0.725586641340D-01  0.725622311921D-01  0.725808264096D-01
  0.725812835317D-01  0.725932826942D-01  0.725972995341D-01  0.726013208948D-01
  0.726229487412D-01  0.726571194217D-01  0.726619718916D-01  0.727497262862D-01
  0.727536116552D-01  0.727775831729D-01  0.727816829551D-01  0.727909781399D-01
  0.727941014272D-01  0.728046873541D-01  0.728075005902D-01  0.728198714392D-01
  0.729248880623D-01  0.729275578312D-01  0.729855442471D-01  0.729951518142D-01
  0.730157592617D-01  0.730299884197D-01  0.730302474719D-01  0.730331783686D-01
  0.730333328378D-01  0.730389909996D-01  0.730496984383D-01  0.731016766576D-01
  0.731244077849D-01  0.731260069240D-01  0.731419825549D-01  0.731455188162D-01
  0.732585982931D-01  0.732624393867D-01  0.732678885778D-01  0.732726471969D-01
  0.733374761700D-01  0.733446031762D-01  0.733471041550D-01  0.733529742875D-01
  0.733566535349D-01  0.733872682283D-01  0.733894514041D-01  0.733919994264D-01
  0.734025712737D-01  0.734055301973D-01  0.734093899705D-01  0.734122951055D-01
  0.734889655253D-01  0.734913038537D-01  0.734959347240D-01  0.734994761976D-01
  0.735298754933D-01  0.735469933787D-01  0.735473628165D-01  0.735496059745D-01
  0.735511569669D-01  0.735922637473D-01  0.735952945607D-01  0.736181259614D-01
  0.736226034889D-01  0.736357492523D-01  0.736523000296D-01  0.737302606326D-01
  0.737317423763D-01  0.737370725970D-01  0.737619795239D-01  0.738281637344D-01
  0.738335963383D-01  0.738444751288D-01  0.738478074059D-01  0.738500050547D-01
  0.738639348792D-01  0.739141240574D-01  0.739263709591D-01  0.739711289182D-01
  0.739922527007D-01  0.739926963147D-01  0.739944454892D-01  0.739992511373D-01
  0.740028093901D-01  0.740082653019D-01  0.740178282060D-01  0.740201229238D-01
  0.740256681997D-01  0.740276437835D-01  0.740378424804D-01  0.740411897229D-01
  0.740505234146D-01  0.740658486779D-01  0.740862089481D-01  0.740889224487D-01
  0.741212991954D-01  0.741243143051D-01  0.741422860403D-01  0.741808279153D-01
  0.741840319836D-01  0.741996651775D-01  0.742040630428D-01  0.742367876537D-01
  0.742385857300D-01  0.742402586530D-01  0.742436012787D-01  0.742487621666D-01
  0.742827118037D-01  0.742869735202D-01  0.743039683459D-01  0.743224944538D-01
  0.743244002949D-01  0.743868672267D-01  0.744085280577D-01  0.744142313955D-01
  0.744875705619D-01  0.744892033031D-01  0.744906613270D-01  0.744933196215D-01
  0.745110886134D-01  0.745331202628D-01  0.745348619380D-01  0.745628421215D-01
  0.745644213578D-01  0.745665586744D-01  0.746260152260D-01  0.746620494733D-01
  0.746650722070D-01  0.746864248082D-01  0.746897966688D-01  0.747114483090D-01
  0.747252629445D-01  0.747541949295D-01  0.747646584298D-01  0.747682197208D-01
  0.747786696361D-01  0.748143961921D-01  0.748172645538D-01  0.748549866611D-01
  0.748581334029D-01  0.749179322295D-01  0.749229539454D-01  0.749696628811D-01
  0.749908850091D-01  0.750057848851D-01  0.750324396585D-01  0.750345979199D-01
  0.750387254392D-01  0.750499513293D-01  0.750510253094D-01  0.750550950367D-01
  0.750912562814D-01  0.750951600750D-01  0.751130505424D-01  0.751175511269D-01
  0.751261954576D-01  0.752350490230D-01  0.752353225358D-01  0.752380277800D-01
  0.752390606122D-01  0.752636713645D-01  0.752683915721D-01  0.752821963774D-01
  0.752859590300D-01  0.753264421821D-01  0.753315901181D-01  0.753336033978D-01
  0.753605649475D-01  0.753647190964D-01  0.753704538867D-01  0.753823559911D-01
  0.753856047584D-01  0.754063238991D-01  0.754088469316D-01  0.754119299921D-01
  0.754147561623D-01  0.754707836599D-01  0.755012510968D-01  0.755169889334D-01
  0.755277261704D-01  0.755456158220D-01  0.755538246551D-01  0.755587377693D-01
  0.755723000558D-01  0.756839639071D-01  0.757359977368D-01  0.757668892391D-01
  0.757692848027D-01  0.757722205675D-01  0.758140640924D-01  0.758231935011D-01
  0.758267586602D-01  0.758330312796D-01  0.758368177438D-01  0.758803053550D-01
  0.758803142998D-01  0.759073410003D-01  0.759119849201D-01  0.759124886660D-01
  0.759174921074D-01  0.759200021533D-01  0.759253317405D-01  0.759271142133D-01
  0.759282635734D-01  0.759316632580D-01  0.759359401357D-01  0.759383789370D-01
  0.759676274934D-01  0.759697669356D-01  0.759779787715D-01  0.759816711635D-01
  0.760080886265D-01  0.760083718829D-01  0.760115040253D-01  0.760445858004D-01
  0.760488878721D-01  0.760827536721D-01  0.761913096681D-01  0.761956667610D-01
  0.762010653623D-01  0.762132364406D-01  0.762386605779D-01  0.762419732066D-01
  0.762653351976D-01  0.762674307541D-01  0.763481371372D-01  0.763707490033D-01
  0.763811512739D-01  0.763833509150D-01  0.764049521760D-01  0.764075642511D-01
  0.764114131979D-01  0.764551265471D-01  0.764567703299D-01  0.764605494992D-01
  0.764706555375D-01  0.764888765471D-01  0.764905851985D-01  0.764921116674D-01
  0.764925340457D-01  0.765102516219D-01  0.765229795759D-01  0.765245632898D-01
  0.765281563094D-01  0.765298629394D-01  0.765301244576D-01  0.765487793163D-01
  0.765557629966D-01  0.765593997849D-01  0.765767521644D-01  0.765865267668D-01
  0.766062312270D-01  0.766446329552D-01  0.766479976593D-01  0.766541545677D-01
  0.766772162495D-01  0.766802856158D-01  0.767384474673D-01  0.767402552158D-01
  0.767715546338D-01  0.767745612905D-01  0.767917118373D-01  0.767958433900D-01
  0.768095205757D-01  0.768138249745D-01  0.768346229782D-01  0.768502093076D-01
  0.768530653087D-01  0.768661879322D-01  0.768711162782D-01  0.768809423762D-01
  0.768821274986D-01  0.768863347934D-01  0.770053421251D-01  0.770083267180D-01
  0.770124456888D-01  0.770343234703D-01  0.770383155926D-01  0.770669862238D-01
  0.770712763722D-01  0.770911757745D-01  0.770914127387D-01  0.770982688342D-01
  0.771011807883D-01  0.771310982449D-01  0.771345664818D-01  0.771548100431D-01
  0.771601566289D-01  0.771651219071D-01  0.772022849682D-01  0.772227298516D-01
  0.772303465437D-01  0.772327473583D-01  0.772446162085D-01  0.772476564577D-01
  0.772678527974D-01  0.772997399718D-01  0.773024490714D-01  0.774117683702D-01
  0.774460352175D-01  0.774636396883D-01  0.775101794779D-01  0.775112871291D-01
  0.775283246309D-01  0.775332004929D-01  0.775448226937D-01  0.775737427298D-01
  0.775756812818D-01  0.775775304944D-01  0.775805813873D-01  0.776361027296D-01
  0.776401226121D-01  0.776514585917D-01  0.776608464356D-01  0.776634425024D-01
  0.776716573038D-01  0.776735453679D-01  0.776792872779D-01  0.776803331799D-01
  0.776842572561D-01  0.777188998025D-01  0.777262725236D-01  0.777294216016D-01
  0.777877789560D-01  0.777904998942D-01  0.778042635476D-01  0.778044238119D-01
  0.778078954409D-01  0.778327337010D-01  0.778542524837D-01  0.778581347004D-01
  0.778588680340D-01  0.778608116591D-01  0.778887723354D-01  0.778910892960D-01
  0.779278868278D-01  0.779419959086D-01  0.779524825646D-01  0.779744180366D-01
  0.780011728714D-01  0.780081465695D-01  0.780853180216D-01  0.780909186074D-01
  0.781115005734D-01  0.781168683906D-01  0.781269253158D-01  0.781855207717D-01
  0.781878092810D-01  0.782127872080D-01  0.782253859125D-01  0.782274267019D-01
  0.782518630242D-01  0.782546929700D-01  0.782837409161D-01  0.782837827373D-01
  0.782861628261D-01  0.782869200731D-01  0.782872195893D-01  0.783596479041D-01
  0.783974159998D-01  0.783979476038D-01  0.784013445999D-01  0.784015348135D-01
  0.784025696990D-01  0.784111439039D-01  0.784143060617D-01  0.784231659627D-01
  0.784282292875D-01  0.784288213426D-01  0.784309384233D-01  0.784343082417D-01
  0.784527198294D-01  0.784570781151D-01  0.784748527572D-01  0.784770582050D-01
  0.784891108161D-01  0.785118724428D-01  0.785151455870D-01  0.785268402079D-01
  0.785323005502D-01  0.785368470473D-01  0.785382417600D-01  0.785414660627D-01
  0.785999772787D-01  0.786309616473D-01  0.786804556150D-01  0.786824469439D-01
  0.786842197136D-01  0.786865038300D-01  0.787145187066D-01  0.787188622100D-01
  0.787213714914D-01  0.787417142911D-01  0.787438151270D-01  0.787506400313D-01
  0.787548759930D-01  0.788381013682D-01  0.788417921588D-01  0.788428316606D-01
  0.788636064631D-01  0.788969434396D-01  0.789114377865D-01  0.789320510807D-01
  0.789351729597D-01  0.789607807152D-01  0.789639452505D-01  0.789686893197D-01
  0.789827701963D-01  0.790303730738D-01  0.790437011758D-01  0.790469574020D-01
  0.790483811306D-01  0.790512973975D-01  0.790530372341D-01  0.790546051353D-01
  0.790796126033D-01  0.790934686248D-01  0.791045768889D-01  0.791074016900D-01
  0.791531608709D-01  0.791548655292D-01  0.791678407861D-01  0.791707365890D-01
  0.791877047742D-01  0.792025765945D-01  0.792077496435D-01  0.792476324946D-01
  0.792880477119D-01  0.792920592124D-01  0.792974358181D-01  0.793127699428D-01
  0.793316690834D-01  0.793429904160D-01  0.793471822847D-01  0.794067910682D-01
  0.794110506050D-01  0.794458190348D-01  0.794760711796D-01  0.794785269256D-01
  0.794800749639D-01  0.794809759290D-01  0.794862577340D-01  0.794876518876D-01
  0.794910208707D-01  0.795041338290D-01  0.795145628278D-01  0.795224216524D-01
  0.795226324118D-01  0.795283253482D-01  0.795311245964D-01  0.795677676448D-01
  0.795716240124D-01  0.795974979486D-01  0.796034675923D-01  0.796201178910D-01
  0.796258373089D-01  0.796272610126D-01  0.796301938240D-01  0.796671038054D-01
  0.797238317954D-01  0.797306173794D-01  0.797375675182D-01  0.797573460255D-01
  0.797602442753D-01  0.797701140599D-01  0.797880594353D-01  0.797905727535D-01
  0.798121590481D-01  0.798919139527D-01  0.798963138918D-01  0.799343402466D-01
  0.799885914189D-01  0.799973634081D-01  0.800453083397D-01  0.800489833973D-01
  0.800623324539D-01  0.800649304738D-01  0.800653819921D-01  0.800707175333D-01
  0.800722802454D-01  0.800768005573D-01  0.800817701938D-01  0.800842545935D-01
  0.801137828773D-01  0.801176033460D-01  0.801283079805D-01  0.801583295102D-01
  0.801609446890D-01  0.802097437345D-01  0.802100590496D-01  0.802140112589D-01
  0.802174949819D-01  0.802222920539D-01  0.802226442501D-01  0.802515360218D-01
  0.802549976407D-01  0.802677933787D-01  0.802814574595D-01  0.803168543636D-01
  0.803203347974D-01  0.803314418675D-01  0.803338367258D-01  0.803468446365D-01
  0.803490973888D-01  0.803933160852D-01  0.804016329190D-01  0.804040600718D-01
  0.804293466301D-01  0.804338569452D-01  0.804460744462D-01  0.804834640022D-01
  0.804899053289D-01  0.805048894705D-01  0.805088093805D-01  0.805656107585D-01
  0.805723955069D-01  0.805751184663D-01  0.806008914011D-01  0.806030699555D-01
  0.806295135776D-01  0.806463472082D-01  0.806486502789D-01  0.806600842438D-01
  0.806631373502D-01  0.807352746867D-01  0.807386117775D-01  0.807446591198D-01
  0.807857291720D-01  0.807911963649D-01  0.808079199636D-01  0.808113952718D-01
  0.808210618995D-01  0.808282757290D-01  0.808314101746D-01  0.808776994114D-01
  0.808976156981D-01  0.809008143936D-01  0.809065176830D-01  0.809375552786D-01
  0.809526435031D-01  0.809558174872D-01  0.809645357030D-01  0.809653641732D-01
  0.809666388217D-01  0.809687953468D-01  0.809702336699D-01  0.809703443224D-01
  0.809985433038D-01  0.810005799971D-01  0.810092110231D-01  0.810122935853D-01
  0.810169541502D-01  0.810284348553D-01  0.810308346426D-01  0.810522344964D-01
  0.810525528045D-01  0.810542797390D-01  0.810578357001D-01  0.810596057710D-01
  0.810918493756D-01  0.810937641765D-01  0.811016856716D-01  0.811036521828D-01
  0.811314386408D-01  0.811433713414D-01  0.811478777864D-01  0.811522693659D-01
  0.811728256859D-01  0.811782164421D-01  0.811855718848D-01  0.812086882605D-01
  0.812122768193D-01  0.812819506869D-01  0.812902622495D-01  0.812969259864D-01
  0.813010205213D-01  0.813142225530D-01  0.813185914094D-01  0.813214124519D-01
  0.813434353347D-01  0.813679614876D-01  0.813709672270D-01  0.814301974201D-01
  0.814324252897D-01  0.814345992255D-01  0.814377455958D-01  0.814527919507D-01
  0.814824965749D-01  0.814975280123D-01  0.815169280287D-01  0.815669236903D-01
  0.815684968156D-01  0.815789797257D-01  0.815793048394D-01  0.815865938352D-01
  0.816048132780D-01  0.816320685547D-01  0.816351634049D-01  0.816454760936D-01
  0.816491846618D-01  0.816537493621D-01  0.816643017671D-01  0.816670319199D-01
  0.817668568241D-01  0.817720668589D-01  0.817759818330D-01  0.817908713596D-01
  0.817949688508D-01  0.818349886463D-01  0.818382552976D-01  0.818535352239D-01
  0.818631086400D-01  0.818681702088D-01  0.818827122613D-01  0.818855454667D-01
  0.819233749812D-01  0.819472573679D-01  0.819506072752D-01  0.819523389101D-01
  0.819527817001D-01  0.819554648311D-01  0.819576256299D-01  0.819909849204D-01
  0.819956665509D-01  0.820004315948D-01  0.820034920996D-01  0.820063166142D-01
  0.820174428449D-01  0.820550351453D-01  0.820684118027D-01  0.820732694895D-01
  0.820809333630D-01  0.820906014440D-01  0.820942938793D-01  0.821203908427D-01
  0.821350336611D-01  0.821559686628D-01  0.821793373311D-01  0.822072789372D-01
  0.822306234529D-01  0.822435031806D-01  0.822458678028D-01  0.822617261817D-01
  0.822979074344D-01  0.823072558162D-01  0.823085850672D-01  0.823099140453D-01
  0.823225893975D-01  0.823284024628D-01  0.823431411936D-01  0.823911348663D-01
  0.823940802779D-01  0.824119586744D-01  0.824165562818D-01  0.824433271441D-01
  0.824772691518D-01  0.824882378275D-01  0.824984853682D-01  0.825008557372D-01
  0.825065054942D-01  0.825080901950D-01  0.825100687549D-01  0.825242590401D-01
  0.825267646915D-01  0.825360434596D-01  0.825397433002D-01  0.825451080544D-01
  0.825595462394D-01  0.825629079340D-01  0.825874028565D-01  0.825942762849D-01
  0.826016842834D-01  0.826061464868D-01  0.826196459746D-01  0.827217420747D-01
  0.827536257407D-01  0.827729006547D-01  0.827763834641D-01  0.828149209729D-01
  0.828154847565D-01  0.828181566788D-01  0.828224038925D-01  0.828242844723D-01
  0.828250731654D-01  0.828256729819D-01  0.828440463814D-01  0.828469230933D-01
  0.828488079361D-01  0.828746862015D-01  0.828874317321D-01  0.828895649100D-01
  0.828900597391D-01  0.828903374201D-01  0.828933614048D-01  0.829014989002D-01
  0.829256055107D-01  0.829278952429D-01  0.829407727665D-01  0.829599065175D-01
  0.829630739125D-01  0.829794726708D-01  0.829898893713D-01  0.829942493261D-01
  0.830035439832D-01  0.830057388399D-01  0.830157504430D-01  0.830178115120D-01
  0.830207500855D-01  0.831099680838D-01  0.831130084601D-01  0.831647096796D-01
  0.831783619227D-01  0.831815792919D-01  0.831885601238D-01  0.832053752940D-01
  0.832085323052D-01  0.832118942584D-01  0.833295971369D-01  0.833340896665D-01
  0.833364104508D-01  0.833468352485D-01  0.833641395808D-01  0.833666696323D-01
  0.833846609073D-01  0.834151034395D-01  0.834241107920D-01  0.834274536745D-01
  0.834321067194D-01  0.834539315076D-01  0.834549357257D-01  0.834567604931D-01
  0.834568436414D-01  0.834624099066D-01  0.834654479379D-01  0.834666187282D-01
  0.834670123961D-01  0.834723437653D-01  0.834808610739D-01  0.834841280173D-01
  0.835062589808D-01  0.835080099912D-01  0.835161229405D-01  0.835190879353D-01
  0.835215314956D-01  0.835230604601D-01  0.835233882512D-01  0.835366515716D-01
  0.835688152664D-01  0.835723037329D-01  0.835827164900D-01  0.835854389564D-01
  0.836114438152D-01  0.836601057037D-01  0.836650668263D-01  0.836656218095D-01
  0.836704763755D-01  0.837390170023D-01  0.837441381958D-01  0.837469853677D-01
  0.837514871903D-01  0.837972181243D-01  0.838001034353D-01  0.838102005163D-01
  0.838107677495D-01  0.838164883709D-01  0.838179349569D-01  0.838209706415D-01
  0.838314635030D-01  0.838338720256D-01  0.838353740127D-01  0.838925783154D-01
  0.838965591098D-01  0.838976180332D-01  0.838988780406D-01  0.839046137555D-01
  0.839481680947D-01  0.839670621916D-01  0.839808043437D-01  0.839821158711D-01
  0.840002940877D-01  0.840535462197D-01  0.840631484644D-01  0.840709950696D-01
  0.841042786406D-01  0.841071629121D-01  0.841122190124D-01  0.841175935835D-01
  0.841200152011D-01  0.841548821504D-01  0.841580105481D-01  0.841737010702D-01
  0.841768654293D-01  0.841820744169D-01  0.841904064572D-01  0.841933161240D-01
  0.841962677737D-01  0.842006346219D-01  0.842168446968D-01  0.842267136810D-01
  0.842306376730D-01  0.842356390516D-01  0.842441804693D-01  0.842443466722D-01
  0.842478951997D-01  0.842479967861D-01  0.843708300433D-01  0.843734571735D-01
  0.843752901228D-01  0.843779384039D-01  0.844023666108D-01  0.844259025661D-01
  0.844359663768D-01  0.845069161180D-01  0.845119418464D-01  0.845313941323D-01
  0.845332598094D-01  0.845346610729D-01  0.845351442811D-01  0.845401989279D-01
  0.845624562677D-01  0.845637005553D-01  0.845674728993D-01  0.845702103979D-01
  0.845976890034D-01  0.846059461216D-01  0.846094004612D-01  0.846444620275D-01
  0.846491487141D-01  0.847117127495D-01  0.847130831890D-01  0.847132571073D-01
  0.847141006502D-01  0.847150218538D-01  0.847160976922D-01  0.847233535636D-01
  0.847436767516D-01  0.847502164268D-01  0.847569512710D-01  0.847786428853D-01
  0.847893386037D-01  0.848328180747D-01  0.848353019278D-01  0.848408735591D-01
  0.848560391447D-01  0.848593045883D-01  0.848848484513D-01  0.848872552119D-01
  0.849129135456D-01  0.849151431667D-01  0.849478333373D-01  0.849514132515D-01
  0.849580582184D-01  0.849614961248D-01  0.849941350737D-01  0.850054261158D-01
  0.850187123932D-01  0.850253960570D-01  0.850266802980D-01  0.850323351128D-01
  0.850719295036D-01  0.850786866203D-01  0.850931678852D-01  0.851064362610D-01
  0.851144817305D-01  0.851191415750D-01  0.851846324058D-01  0.851975143438D-01
  0.852000378750D-01  0.852155778680D-01  0.852226037988D-01  0.852334975959D-01
  0.852409537159D-01  0.852436481142D-01  0.852458762941D-01  0.852505517986D-01
  0.852634766202D-01  0.852671929379D-01  0.852765328232D-01  0.852793891093D-01
  0.852821273996D-01  0.852983668428D-01  0.853023548232D-01  0.853057755787D-01
  0.853419834592D-01  0.853451946730D-01  0.853464637817D-01  0.853608819292D-01
  0.853629813167D-01  0.853840933767D-01  0.853870361501D-01  0.854017342177D-01
  0.854252125613D-01  0.854271365552D-01  0.854286843669D-01  0.854429655119D-01
  0.854476919170D-01  0.854498081933D-01  0.854513041229D-01  0.854578056230D-01
  0.854612806696D-01  0.854628549713D-01  0.855019589957D-01  0.855376058864D-01
  0.855417432078D-01  0.855501758348D-01  0.855876023556D-01  0.855925495475D-01
  0.856002818596D-01  0.856029138956D-01  0.856035362656D-01  0.856138357463D-01
  0.856169229601D-01  0.856363563457D-01  0.856385715990D-01  0.856742144568D-01
  0.856943237564D-01  0.857035685502D-01  0.857255996828D-01  0.857419248698D-01
  0.857466700704D-01  0.858091785560D-01  0.858097970599D-01  0.858109927118D-01
  0.858260779000D-01  0.858289159757D-01  0.858336506156D-01  0.858412586958D-01
  0.858438805003D-01  0.858712085442D-01  0.858776313543D-01  0.858792755736D-01
  0.858818617976D-01  0.859041109680D-01  0.859184817468D-01  0.859186387052D-01
  0.859189865463D-01  0.859198625413D-01  0.859223765443D-01  0.859463071397D-01
  0.859504560247D-01  0.859597512664D-01  0.859678538849D-01  0.859702267176D-01
  0.860215955266D-01  0.860435204584D-01  0.860444770881D-01  0.860483223355D-01
  0.860496563044D-01  0.860528677288D-01  0.860659765064D-01  0.860742959509D-01
  0.860896899327D-01  0.861299352020D-01  0.861332637852D-01  0.861352338738D-01
  0.861516826649D-01  0.861940209668D-01  0.861969501505D-01  0.862207719373D-01
  0.862235236246D-01  0.862574584292D-01  0.862626210235D-01  0.862651994512D-01
  0.862824315349D-01  0.862957222033D-01  0.863233428793D-01  0.863273951708D-01
  0.863444306240D-01  0.863583334375D-01  0.863619720183D-01  0.863622922824D-01
  0.863636767973D-01  0.863656663262D-01  0.863838021625D-01  0.863868143309D-01
  0.863974193999D-01  0.863980259751D-01  0.864476177339D-01  0.864502451780D-01
  0.864654608741D-01  0.864924288191D-01  0.865009527528D-01  0.865044850462D-01
  0.865075418279D-01  0.865135091646D-01  0.865394442366D-01  0.865454863020D-01
  0.865559621321D-01  0.865594627696D-01  0.865819787374D-01  0.865853717334D-01
  0.865868818657D-01  0.865903025881D-01  0.866001954392D-01  0.866357646612D-01
  0.866512215028D-01  0.866550141151D-01  0.866574793138D-01  0.866651467765D-01
  0.866662179834D-01  0.867053075342D-01  0.867089910934D-01  0.867101417289D-01
  0.867188185470D-01  0.867215108972D-01  0.867226308294D-01  0.867283692260D-01
  0.867348434834D-01  0.867384806508D-01  0.867410907362D-01  0.867880210008D-01
  0.867904332960D-01  0.868556970767D-01  0.869113785443D-01  0.869191999261D-01
  0.869231355341D-01  0.869454609550D-01  0.869507766565D-01  0.869839058511D-01
  0.869935534083D-01  0.870292528499D-01  0.870319881342D-01  0.870495853956D-01
  0.870711286021D-01  0.870738183416D-01  0.870774377706D-01  0.870898328272D-01
  0.870924256065D-01  0.870951988516D-01  0.870987603132D-01  0.871063844555D-01
  0.871262355734D-01  0.871359855358D-01  0.871401410929D-01  0.871402537753D-01
  0.871428115307D-01  0.871437184596D-01  0.871459767098D-01  0.871750499060D-01
  0.871779791412D-01  0.871928005408D-01  0.872068480194D-01  0.872112239064D-01
  0.872171460889D-01  0.872425397898D-01  0.872448474043D-01  0.872487363470D-01
  0.872580588214D-01  0.872950243366D-01  0.873230562946D-01  0.873232989104D-01
  0.873253904687D-01  0.873495023327D-01  0.873529858881D-01  0.873554124513D-01
  0.873578197047D-01  0.873686199120D-01  0.874009522903D-01  0.874042474453D-01
  0.874601623248D-01  0.874836116838D-01  0.874880170359D-01  0.874882716048D-01
  0.875031250841D-01  0.875055457497D-01  0.875355477565D-01  0.875369029348D-01
  0.875621525188D-01  0.875682653944D-01  0.876093372426D-01  0.876141273172D-01
  0.876263500781D-01  0.876299879072D-01  0.876513097524D-01  0.876541512217D-01
  0.876588410170D-01  0.877108257154D-01  0.877144671135D-01  0.877164009240D-01
  0.877164706321D-01  0.877216147713D-01  0.877269413414D-01  0.877378133158D-01
  0.877408868355D-01  0.877444609439D-01  0.877732467255D-01  0.877867822654D-01
  0.877930301382D-01  0.877951525376D-01  0.878229911905D-01  0.878243243231D-01
  0.878292708450D-01  0.878368350533D-01  0.878382649126D-01  0.878457759595D-01
  0.878830666028D-01  0.878868128211D-01  0.878900194346D-01  0.879298717033D-01
  0.879356183565D-01  0.879377355547D-01  0.879598803856D-01  0.879667665799D-01
  0.879677885269D-01  0.879682259227D-01  0.879695735333D-01  0.879705336412D-01
  0.879837583117D-01  0.879869063942D-01  0.880000001829D-01  0.880002676758D-01
  0.880068553976D-01  0.880078157442D-01  0.880185796240D-01  0.880288493546D-01
  0.880423890322D-01  0.880453383291D-01  0.880499958892D-01  0.880543179966D-01
  0.880621725299D-01  0.880780324288D-01  0.880818567003D-01  0.880928598885D-01
  0.880947579258D-01  0.880962032115D-01  0.880972774761D-01  0.881619977995D-01
  0.881637130965D-01  0.882073243334D-01  0.882115197784D-01  0.882118737675D-01
  0.882188706182D-01  0.882228601826D-01  0.882599066512D-01  0.882631875947D-01
  0.882697346093D-01  0.882702171573D-01  0.882814630726D-01  0.882836730679D-01
  0.882848158887D-01  0.882910851001D-01  0.883041572878D-01  0.883084634672D-01
  0.883168865147D-01  0.883209571394D-01  0.883338582914D-01  0.883352339836D-01
  0.883753113474D-01  0.883937657326D-01  0.884177371264D-01  0.884217157963D-01
  0.884305624016D-01  0.884391757312D-01  0.884427425361D-01  0.884542801476D-01
  0.885197651325D-01  0.885355568274D-01  0.885406654357D-01  0.885637892797D-01
  0.885655569855D-01  0.885666067361D-01  0.885723796428D-01  0.885822638903D-01
  0.885851701247D-01  0.886022229364D-01  0.886051435820D-01  0.886182304328D-01
  0.886297760407D-01  0.886392239468D-01  0.886418218937D-01  0.887062280176D-01
  0.887624463516D-01  0.887716413878D-01  0.887765151732D-01  0.887811487639D-01
  0.887862781981D-01  0.887998271006D-01  0.888012449370D-01  0.888108888760D-01
  0.888279248427D-01  0.888308735786D-01  0.888359657585D-01  0.888361982901D-01
  0.888365607825D-01  0.888406189180D-01  0.888428849076D-01  0.888447920963D-01
  0.888534450422D-01  0.888574910485D-01  0.888580119724D-01  0.888608880439D-01
  0.888617035377D-01  0.889092279343D-01  0.889129489540D-01  0.889148641693D-01
  0.889222769239D-01  0.889752511939D-01  0.889808339122D-01  0.889897022714D-01
  0.889900686383D-01  0.890006083779D-01  0.890045733841D-01  0.890500801162D-01
  0.890532039533D-01  0.890639920392D-01  0.890667733801D-01  0.890677622565D-01
  0.890985805778D-01  0.891010812873D-01  0.891298932405D-01  0.891473732654D-01
  0.891570361927D-01  0.891605409081D-01  0.891962149442D-01  0.891995772812D-01
  0.892018341041D-01  0.892227604007D-01  0.892267545010D-01  0.892300418165D-01
  0.892431753462D-01  0.892457968536D-01  0.892469367026D-01  0.892521164520D-01
  0.892548681868D-01  0.892689767085D-01  0.892943806724D-01  0.892985052243D-01
  0.893257729532D-01  0.893303804868D-01  0.893393193887D-01  0.893396552349D-01
  0.893420553576D-01  0.893423307326D-01  0.893664320884D-01  0.893957853253D-01
  0.894129439992D-01  0.894146883458D-01  0.894209447487D-01  0.894235604329D-01
  0.894240081480D-01  0.894272676207D-01  0.894893779740D-01  0.895114409244D-01
  0.895396102322D-01  0.895576478848D-01  0.895615573060D-01  0.895669720441D-01
  0.895863639505D-01  0.895917506042D-01  0.895935689251D-01  0.895966105261D-01
  0.895988050405D-01  0.896307530529D-01  0.896339822237D-01  0.896364863871D-01
  0.896786103416D-01  0.896831234049D-01  0.896921018900D-01  0.896951736015D-01
  0.897070168901D-01  0.897091715952D-01  0.897155690657D-01  0.897256429206D-01
  0.897352411336D-01  0.897368312145D-01  0.897409436821D-01  0.897417774539D-01
  0.897445262230D-01  0.897461470634D-01  0.897635550604D-01  0.897675829559D-01
  0.898047411430D-01  0.898070630592D-01  0.898154829411D-01  0.898223799874D-01
  0.898361014641D-01  0.898392475390D-01  0.898592312381D-01  0.898669575746D-01
  0.898735148063D-01  0.898756704108D-01  0.898824914064D-01  0.898855103891D-01
  0.898887942616D-01  0.899121631801D-01  0.899149030044D-01  0.899392556266D-01
  0.899456589985D-01  0.899705779937D-01  0.899783698849D-01  0.899818910648D-01
  0.900186927225D-01  0.900640701094D-01  0.900659647072D-01  0.900678626171D-01
  0.900907242005D-01  0.900908220128D-01  0.900951766500D-01  0.901026685600D-01
  0.901237930729D-01  0.901357534356D-01  0.901772621073D-01  0.901779964679D-01
  0.901889150781D-01  0.901908246827D-01  0.902307770721D-01  0.902322797386D-01
  0.902343155208D-01  0.902413472793D-01  0.902515401020D-01  0.902533676917D-01
  0.902671632206D-01  0.902709094627D-01  0.902835104533D-01  0.902841033092D-01
  0.903097795765D-01  0.903210157897D-01  0.903360683051D-01  0.903392386220D-01
  0.903437062974D-01  0.903461230105D-01  0.903487058139D-01  0.903504333917D-01
  0.903569920406D-01  0.903595262496D-01  0.903625603126D-01  0.903762852982D-01
  0.903771173048D-01  0.903820411767D-01  0.903896315721D-01  0.904183835886D-01
  0.904217168268D-01  0.904233131715D-01  0.904248447214D-01  0.904651570290D-01
  0.904679438415D-01  0.904811319786D-01  0.904850599473D-01  0.904871408627D-01
  0.905136801852D-01  0.905152937547D-01  0.905292290478D-01  0.905328828155D-01
  0.905331769216D-01  0.905349688625D-01  0.905369819974D-01  0.905627998084D-01
  0.905700622434D-01  0.905892185533D-01  0.905922944518D-01  0.905930336498D-01
  0.905954596637D-01  0.906161503712D-01  0.906472223300D-01  0.906512046457D-01
  0.906631546517D-01  0.906775886357D-01  0.907014506914D-01  0.907047235622D-01
  0.907181851642D-01  0.907186140926D-01  0.907217681730D-01  0.907360578447D-01
  0.907400203551D-01  0.907435282892D-01  0.907454893429D-01  0.907481784162D-01
  0.907716048532D-01  0.907731633778D-01  0.907801715294D-01  0.907944451971D-01
  0.907991905361D-01  0.908124960600D-01  0.908131413743D-01  0.908159685625D-01
  0.908797533473D-01  0.908834605618D-01  0.908897452377D-01  0.908918534922D-01
  0.909032121196D-01  0.909065429677D-01  0.909188884427D-01  0.909194401989D-01
  0.909249501070D-01  0.909276794690D-01  0.909303809228D-01  0.909888940030D-01
  0.910529010900D-01  0.910553250447D-01  0.910958455824D-01  0.911096276894D-01
  0.911124481439D-01  0.911124494888D-01  0.911183548474D-01  0.911292659533D-01
  0.911359358530D-01  0.911446115143D-01  0.911474523435D-01  0.911487465640D-01
  0.911520349129D-01  0.911612360004D-01  0.911680771430D-01  0.912055955490D-01
  0.912163737271D-01  0.912208971241D-01  0.912210366732D-01  0.912371403754D-01
  0.912411766143D-01  0.912571720608D-01  0.913225273460D-01  0.913565750645D-01
  0.913590943872D-01  0.913598898839D-01  0.913617476751D-01  0.913646710080D-01
  0.913944418167D-01  0.913991036808D-01  0.914135477112D-01  0.914179011347D-01
  0.914501439423D-01  0.914542995882D-01  0.914566876761D-01  0.914595012161D-01
  0.914642112248D-01  0.914680009240D-01  0.914708829450D-01  0.914744173357D-01
  0.915038605136D-01  0.915071644823D-01  0.915074121106D-01  0.915089216333D-01
  0.915092577046D-01  0.915133740805D-01  0.915210573203D-01  0.915372884138D-01
  0.915900485239D-01  0.916003304745D-01  0.916036738931D-01  0.916061509666D-01
  0.916127779572D-01  0.916153708769D-01  0.916282873242D-01  0.916411536205D-01
  0.916450161104D-01  0.916475378244D-01  0.916556721158D-01  0.916563739659D-01
  0.916604433420D-01  0.916912466096D-01  0.916942084326D-01  0.917096073859D-01
  0.917157807902D-01  0.917434129542D-01  0.917534364481D-01  0.917618923984D-01
  0.917643920890D-01  0.918101128329D-01  0.918167400722D-01  0.918267590366D-01
  0.918274237825D-01  0.918528026428D-01  0.918564620673D-01  0.918619432271D-01
  0.919019236668D-01  0.919347103127D-01  0.919387553918D-01  0.919402808611D-01
  0.919477859650D-01  0.919498696654D-01  0.919625903186D-01  0.919668919222D-01
  0.919742649297D-01  0.919912494409D-01  0.919998109720D-01  0.920037910299D-01
  0.920069599506D-01  0.920424276040D-01  0.920664452439D-01  0.920691137917D-01
  0.920730836902D-01  0.920768591299D-01  0.920791479799D-01  0.920878416730D-01
  0.920907977101D-01  0.921028722532D-01  0.921050766198D-01  0.921239536177D-01
  0.921272329426D-01  0.921497863253D-01  0.921516995121D-01  0.921519351755D-01
  0.921667203943D-01  0.921672819054D-01  0.921690640291D-01  0.921699176285D-01
  0.921730163794D-01  0.921748742506D-01  0.921763998909D-01  0.921846276715D-01
  0.922076568510D-01  0.922079368817D-01  0.922105417319D-01  0.922170531640D-01
  0.922356643558D-01  0.922390208735D-01  0.922488779187D-01  0.922644897108D-01
  0.922674736523D-01  0.922708743082D-01  0.922831738121D-01  0.922869909999D-01
  0.922909549232D-01  0.923161140969D-01  0.923211399242D-01  0.923245185456D-01
  0.923285989933D-01  0.923524624992D-01  0.923567164102D-01  0.923781444713D-01
  0.923836287131D-01  0.923893940372D-01  0.923904667121D-01  0.923931693125D-01
  0.924156318211D-01  0.924174204838D-01  0.924451240974D-01  0.924623765462D-01
  0.924895132604D-01  0.924981109718D-01  0.925099264629D-01  0.925233426095D-01
  0.925268949283D-01  0.925287907779D-01  0.925630757040D-01  0.925646865723D-01
  0.925661351840D-01  0.925685639477D-01  0.925885971498D-01  0.925909104413D-01
  0.926070402175D-01  0.926180522512D-01  0.926195291958D-01  0.926435735103D-01
  0.926718976092D-01  0.926850988405D-01  0.926862711731D-01  0.927174173075D-01
  0.927192341389D-01  0.927284450208D-01  0.927285858894D-01  0.927313543043D-01
  0.927328521723D-01  0.927364109969D-01  0.927473873108D-01  0.927602120547D-01
  0.927690348251D-01  0.927914855063D-01  0.927971606604D-01  0.928079721090D-01
  0.928144513710D-01  0.928245215149D-01  0.928347286473D-01  0.928381779951D-01
  0.928458219750D-01  0.928646388018D-01  0.928661394559D-01  0.928719304169D-01
  0.928819682906D-01  0.928845648881D-01  0.929122748442D-01  0.929167306764D-01
  0.929197882001D-01  0.929533800111D-01  0.929564077001D-01  0.929699406857D-01
  0.930000976154D-01  0.930033537010D-01  0.930045416732D-01  0.930059094405D-01
  0.930137482907D-01  0.930175162302D-01  0.930192381950D-01  0.930202462869D-01
  0.930271783620D-01  0.930320130391D-01  0.930465826282D-01  0.930503396045D-01
  0.930617704887D-01  0.930665152533D-01  0.930929196837D-01  0.930954729283D-01
  0.931006549973D-01  0.931063530818D-01  0.931316370257D-01  0.931329787602D-01
  0.931401881893D-01  0.931448716293D-01  0.931473335187D-01  0.931498172399D-01
  0.931635983834D-01  0.931863645032D-01  0.931965461628D-01  0.932200278979D-01
  0.932238678195D-01  0.932310755537D-01  0.932434681096D-01  0.932441641824D-01
  0.932479037172D-01  0.932862938705D-01  0.932888778033D-01  0.932997635031D-01
  0.933044340525D-01  0.933335376876D-01  0.933370413839D-01  0.933528861991D-01
  0.933553334971D-01  0.933557391166D-01  0.933589362772D-01  0.933606966916D-01
  0.934034099577D-01  0.934065872896D-01  0.934169583274D-01  0.934304782645D-01
  0.934336665434D-01  0.934468281291D-01  0.934516432579D-01  0.934550625748D-01
  0.934577977544D-01  0.934635002860D-01  0.934681854813D-01  0.934741994880D-01
  0.934795545133D-01  0.934803155784D-01  0.934824197561D-01  0.935124813917D-01
  0.935227844748D-01  0.935387755806D-01  0.935538406637D-01  0.935586271548D-01
  0.935597717657D-01  0.935858990578D-01  0.936027709068D-01  0.936302914441D-01
  0.936330238832D-01  0.936372768313D-01  0.936564047273D-01  0.936565793978D-01
  0.936839210201D-01  0.937092296282D-01  0.937257434761D-01  0.937394663461D-01
  0.937490986743D-01  0.937957484703D-01  0.938062472296D-01  0.938085204597D-01
  0.938369005113D-01  0.938423771843D-01  0.938466605178D-01  0.938538224720D-01
  0.938557217727D-01  0.938574617641D-01  0.938628680466D-01  0.939087666362D-01
  0.939272492307D-01  0.939282697727D-01  0.939301975159D-01  0.939364089682D-01
  0.939369582274D-01  0.939455851322D-01  0.939457925053D-01  0.939462120418D-01
  0.939482133124D-01  0.939487451429D-01  0.939533278685D-01  0.939543576344D-01
  0.939572125408D-01  0.939636278077D-01  0.940121343932D-01  0.940160439071D-01
  0.940222358646D-01  0.940229041784D-01  0.940258447871D-01  0.940273061227D-01
  0.940276168089D-01  0.940278115790D-01  0.940302378835D-01  0.940309433909D-01
  0.940359547349D-01  0.940391693300D-01  0.940593551207D-01  0.940731169797D-01
  0.940768420523D-01  0.940903519516D-01  0.941266907653D-01  0.941690392044D-01
  0.941908840596D-01  0.942001741442D-01  0.942009631927D-01  0.942080339740D-01
  0.942229061864D-01  0.942327867415D-01  0.942371743722D-01  0.942519576082D-01
  0.942558411371D-01  0.942594203583D-01  0.942766546880D-01  0.942788036938D-01
  0.942874731631D-01  0.942913703655D-01  0.942964364377D-01  0.942984040831D-01
  0.943620536379D-01  0.943979698683D-01  0.944000757788D-01  0.944008782632D-01
  0.944171682332D-01  0.944196990658D-01  0.944302001709D-01  0.944324359765D-01
  0.944549588380D-01  0.944827945844D-01  0.944863525798D-01  0.944919447376D-01
  0.944991618561D-01  0.945011544986D-01  0.945022790868D-01  0.945031603769D-01
  0.945191156885D-01  0.945302466463D-01  0.945366051876D-01  0.945400807375D-01
  0.945404430609D-01  0.945468659942D-01  0.945496916859D-01  0.945598298218D-01
  0.945679379033D-01  0.945696072999D-01  0.945810357083D-01  0.945831471123D-01
  0.945961210754D-01  0.946055302309D-01  0.946104986288D-01  0.946244571069D-01
  0.946354384861D-01  0.946548115142D-01  0.946581061946D-01  0.946723425163D-01
  0.946851845048D-01  0.946879761043D-01  0.946935480319D-01  0.946956426655D-01
  0.947637232958D-01  0.947653920141D-01  0.947729905898D-01  0.947747630390D-01
  0.947759430468D-01  0.947762374582D-01  0.947799866904D-01  0.947828026517D-01
  0.947832521586D-01  0.947880082651D-01  0.948026126650D-01  0.948082159443D-01
  0.948147627865D-01  0.948199473247D-01  0.948217528879D-01  0.948256977576D-01
  0.948299039676D-01  0.948321120279D-01  0.948349821849D-01  0.948411427897D-01
  0.948495800236D-01  0.948522511845D-01  0.948541476316D-01  0.948887983097D-01
  0.949034949839D-01  0.949081600057D-01  0.949136987978D-01  0.949192184071D-01
  0.949376705156D-01  0.949402463707D-01  0.949417920180D-01  0.949551463510D-01
  0.949642587318D-01  0.949788502905D-01  0.949942371976D-01  0.950281533292D-01
  0.950301684771D-01  0.950314478709D-01  0.950316342062D-01  0.950334194306D-01
  0.950352244213D-01  0.950568333418D-01  0.950913250520D-01  0.950941059142D-01
  0.951102353957D-01  0.951291710298D-01  0.951326624038D-01  0.951355908986D-01
  0.951387477289D-01  0.951489703268D-01  0.951740732198D-01  0.951842885455D-01
  0.951848847135D-01  0.951874749118D-01  0.951898555864D-01  0.951985844940D-01
  0.952154062351D-01  0.952160057015D-01  0.952167494393D-01  0.952186353421D-01
  0.952335521311D-01  0.952365158570D-01  0.952475376738D-01  0.952730956132D-01
  0.952943581604D-01  0.952961734360D-01  0.953001172961D-01  0.953122492174D-01
  0.953515123573D-01  0.953949824017D-01  0.954035704852D-01  0.954240399223D-01
  0.954335946350D-01  0.954464781596D-01  0.954526523614D-01  0.954579304319D-01
  0.954612088455D-01  0.954772786068D-01  0.954802190967D-01  0.955322179473D-01
  0.955375616220D-01  0.955376864418D-01  0.955402330273D-01  0.955416882219D-01
  0.955435399292D-01  0.955493487405D-01  0.955617660141D-01  0.955719126053D-01
  0.955812984827D-01  0.955858543663D-01  0.955901998086D-01  0.955924014248D-01
  0.955938144570D-01  0.956019888031D-01  0.956026181816D-01  0.956047037993D-01
  0.956401686433D-01  0.956426366649D-01  0.956488337711D-01  0.956557765206D-01
  0.956604385968D-01  0.956666931180D-01  0.956686748782D-01  0.956739780427D-01
  0.956937633911D-01  0.957033900125D-01  0.957062032294D-01  0.957064633065D-01
  0.957340079085D-01  0.957380230528D-01  0.957395466393D-01  0.957501543991D-01
  0.957598045142D-01  0.957624330625D-01  0.957750484429D-01  0.957786479871D-01
  0.957800418413D-01  0.957836195445D-01  0.957858998645D-01  0.957873045982D-01
  0.957953905528D-01  0.957981553862D-01  0.958565145078D-01  0.958595347864D-01
  0.958846704773D-01  0.958851525463D-01  0.958873536647D-01  0.959018000836D-01
  0.959117438239D-01  0.959434650227D-01  0.959480678416D-01  0.959509227697D-01
  0.959519089134D-01  0.959620709093D-01  0.959731877667D-01  0.959750160936D-01
  0.959833131863D-01  0.960618034515D-01  0.960643175556D-01  0.960718957696D-01
  0.960763125380D-01  0.960918768626D-01  0.961143965921D-01  0.961166242844D-01
  0.961299181208D-01  0.961416299550D-01  0.961457663092D-01  0.961475978182D-01
  0.961483511850D-01  0.961548711909D-01  0.961570246457D-01  0.961764035012D-01
  0.961840359035D-01  0.961843598406D-01  0.961918785060D-01  0.962109440296D-01
  0.962136943528D-01  0.962328790192D-01  0.962358097928D-01  0.962362892532D-01
  0.962396261939D-01  0.962426201518D-01  0.962449293711D-01  0.962495318814D-01
  0.962695028087D-01  0.962773957483D-01  0.963100042061D-01  0.963143147993D-01
  0.963184606042D-01  0.963205689776D-01  0.963249118818D-01  0.963284827132D-01
  0.963465150300D-01  0.963575262785D-01  0.963586118315D-01  0.963613001117D-01
  0.963664965153D-01  0.963688091940D-01  0.963939367381D-01  0.964089625229D-01
  0.964162678609D-01  0.964200122951D-01  0.964293777562D-01  0.964507676354D-01
  0.964510309429D-01  0.964583699727D-01  0.964587998169D-01  0.964608622255D-01
  0.964623762331D-01  0.964696797554D-01  0.964761075815D-01  0.964897613099D-01
  0.964916311270D-01  0.964930396433D-01  0.964999087369D-01  0.965423547091D-01
  0.965669843484D-01  0.965697761309D-01  0.965704487275D-01  0.965741108175D-01
  0.965741840788D-01  0.965921858202D-01  0.966216341911D-01  0.966260568001D-01
  0.966293411711D-01  0.966296837406D-01  0.966428118626D-01  0.966446493005D-01
  0.966477313489D-01  0.966623651144D-01  0.966647895645D-01  0.966653482111D-01
  0.966879202330D-01  0.966909034504D-01  0.966929013830D-01  0.967083645214D-01
  0.967095080740D-01  0.967578218855D-01  0.967827519943D-01  0.967850360674D-01
  0.967890547599D-01  0.967895935970D-01  0.967907249248D-01  0.967917659784D-01
  0.967994314427D-01  0.967996494571D-01  0.968113214254D-01  0.968277943838D-01
  0.968489196643D-01  0.968495691737D-01  0.968643511123D-01  0.968678896142D-01
  0.968708532361D-01  0.968831837521D-01  0.968903134668D-01  0.969074299151D-01
  0.969100272445D-01  0.969114212386D-01  0.969225469879D-01  0.969783819509D-01
  0.969816342456D-01  0.969858879991D-01  0.969888160882D-01  0.969897112930D-01
  0.969916711270D-01  0.969928140430D-01  0.970042158158D-01  0.970264590840D-01
  0.970270792425D-01  0.970396921372D-01  0.970485425263D-01  0.970625091763D-01
  0.970680326637D-01  0.970690456742D-01  0.970701338053D-01  0.971028867604D-01
  0.971033284332D-01  0.971049622028D-01  0.971066777199D-01  0.971197344458D-01
  0.971213185238D-01  0.971273464150D-01  0.971496785930D-01  0.971577256543D-01
  0.971618178496D-01  0.971623913084D-01  0.971738089671D-01  0.971757711049D-01
  0.971822922419D-01  0.971858717940D-01  0.971933366840D-01  0.971969455844D-01
  0.972389228281D-01  0.972511029714D-01  0.972554334436D-01  0.972611209527D-01
  0.972647334380D-01  0.972685975525D-01  0.972725899189D-01  0.972808435978D-01
  0.972841820350D-01  0.972866693550D-01  0.972879708436D-01  0.973014273800D-01
  0.973045749837D-01  0.973793132464D-01  0.973856650204D-01  0.974090850780D-01
  0.974116333254D-01  0.974130359918D-01  0.974150947672D-01  0.974164238200D-01
  0.974289575603D-01  0.974293820462D-01  0.974316140192D-01  0.974342724929D-01
  0.974357285667D-01  0.974445100634D-01  0.974459925946D-01  0.974482450223D-01
  0.974509262565D-01  0.974535311235D-01  0.974625823043D-01  0.974759070223D-01
  0.974812359587D-01  0.974819141350D-01  0.974877982761D-01  0.975059931202D-01
  0.975107418618D-01  0.975147744670D-01  0.975432330659D-01  0.975460983737D-01
  0.975513905965D-01  0.975655424668D-01  0.975662054794D-01  0.975689820579D-01
  0.975939970221D-01  0.975949579321D-01  0.976075423916D-01  0.976128326449D-01
  0.976221609258D-01  0.976251434924D-01  0.976262045928D-01  0.976274785547D-01
  0.976566600282D-01  0.976615376315D-01  0.976740993522D-01  0.976750695139D-01
  0.976929198033D-01  0.977123955224D-01  0.977190631708D-01  0.977220095114D-01
  0.977235281016D-01  0.977525107491D-01  0.977894131301D-01  0.978020883522D-01
  0.978073452014D-01  0.978131159911D-01  0.978178806691D-01  0.978220230897D-01
  0.978231218479D-01  0.978398880380D-01  0.979283243283D-01  0.979322008995D-01
  0.979477948584D-01  0.979544593992D-01  0.979610564638D-01  0.979685547642D-01
  0.979715341195D-01  0.979744941799D-01  0.979825726649D-01  0.979894881446D-01
  0.979918540440D-01  0.979949864452D-01  0.979978161781D-01  0.980130986104D-01
  0.980154469643D-01  0.980218178460D-01  0.980344670264D-01  0.980402671812D-01
  0.980454490260D-01  0.980483321652D-01  0.980595154418D-01  0.980620321178D-01
  0.980651655679D-01  0.980670206651D-01  0.980691296400D-01  0.980835614247D-01
  0.980863645919D-01  0.980952648442D-01  0.980994136127D-01  0.981212664018D-01
  0.981256375746D-01  0.981506286015D-01  0.981563817860D-01  0.981599363139D-01
  0.981760419249D-01  0.981922745418D-01  0.982003330380D-01  0.982036508123D-01
  0.982042766518D-01  0.982054913533D-01  0.982059122453D-01  0.982127004446D-01
  0.982151993527D-01  0.982218822437D-01  0.982333365646D-01  0.982429571967D-01
  0.982605073069D-01  0.982614738482D-01  0.982733909790D-01  0.982785642722D-01
  0.982810443573D-01  0.983155613737D-01  0.983185054471D-01  0.983223194639D-01
  0.983337724832D-01  0.983374643629D-01  0.983541737844D-01  0.983673615355D-01
  0.983936616042D-01  0.983963035633D-01  0.984155805092D-01  0.984183159396D-01
  0.984365446213D-01  0.984546660041D-01  0.984617243879D-01  0.984643595314D-01
  0.985003722563D-01  0.985023882975D-01  0.985141799419D-01  0.985326837173D-01
  0.985364440488D-01  0.985386360658D-01  0.985525509596D-01  0.985575139796D-01
  0.985704136399D-01  0.985818712943D-01  0.985967039157D-01  0.986017296667D-01
  0.986145090196D-01  0.986172114165D-01  0.986248993534D-01  0.986456008980D-01
  0.986568028946D-01  0.986588586106D-01  0.986735719436D-01  0.986841879152D-01
  0.986891458721D-01  0.986940864371D-01  0.986973777662D-01  0.987116584665D-01
  0.987140743104D-01  0.987169322626D-01  0.987225591392D-01  0.987239639442D-01
  0.987370572878D-01  0.987540612140D-01  0.987563383199D-01  0.987598362696D-01
  0.987642113760D-01  0.987695446826D-01  0.987723548501D-01  0.987733063935D-01
  0.987832867800D-01  0.987955023003D-01  0.988031255910D-01  0.988215565115D-01
  0.988300308080D-01  0.988397144976D-01  0.988449723514D-01  0.988784462500D-01
  0.988824190860D-01  0.988840714203D-01  0.988863148832D-01  0.988942163197D-01
  0.988997342953D-01  0.989011313160D-01  0.989033765052D-01  0.989056816487D-01
  0.989133307557D-01  0.989157425926D-01  0.989193671957D-01  0.989216589748D-01
  0.989231558196D-01  0.989414717250D-01  0.989752929425D-01  0.989771523623D-01
  0.989950665382D-01  0.989967786112D-01  0.990049820280D-01  0.990060185656D-01
  0.990147685789D-01  0.990264268733D-01  0.990356492885D-01  0.990485846880D-01
  0.990513907803D-01  0.990621034115D-01  0.990755365478D-01  0.990770936520D-01
  0.990821855643D-01  0.990851262772D-01  0.990891974604D-01  0.990952380184D-01
  0.990989227755D-01  0.991012571349D-01  0.991046180374D-01  0.991343695873D-01
  0.991462686200D-01  0.991592759943D-01  0.991663985485D-01  0.991756797950D-01
  0.991836279145D-01  0.991906861538D-01  0.991934202788D-01  0.992066553546D-01
  0.992109426933D-01  0.992244611205D-01  0.992271858122D-01  0.992308990224D-01
  0.992332592209D-01  0.992459509776D-01  0.992675672217D-01  0.992943764247D-01
  0.992979468332D-01  0.992986956973D-01  0.993013892323D-01  0.993030603162D-01
  0.993037309131D-01  0.993054865090D-01  0.993079309175D-01  0.993089456215D-01
  0.993133005751D-01  0.993161245743D-01  0.993386917273D-01  0.993478926824D-01
  0.993958296300D-01  0.993986135580D-01  0.994000570543D-01  0.994042180019D-01
  0.994131168560D-01  0.994220135367D-01  0.994252406904D-01  0.994378465312D-01
  0.994412052258D-01  0.994529908396D-01  0.994574176867D-01  0.994577560655D-01
  0.994695092546D-01  0.994737104516D-01  0.994809090223D-01  0.994858840120D-01
  0.995070101403D-01  0.995280336095D-01  0.995316695592D-01  0.995334103802D-01
  0.995516170498D-01  0.995571012845D-01  0.995610806931D-01  0.995799579847D-01
  0.995975798793D-01  0.996000042644D-01  0.996012366034D-01  0.996037108816D-01
  0.996111924607D-01  0.996206203280D-01  0.996306186732D-01  0.996549203382D-01
  0.996591310111D-01  0.996616432356D-01  0.996682874690D-01  0.996740748560D-01
  0.996878889877D-01  0.996911116024D-01  0.996969765782D-01  0.997071596901D-01
  0.997208408012D-01  0.997229123105D-01  0.997331157286D-01  0.997380073171D-01
  0.997667968419D-01  0.997711524357D-01  0.997778876874D-01  0.997991008547D-01
  0.998017011194D-01  0.998225634309D-01  0.998240629566D-01  0.998256105512D-01
  0.998276594111D-01  0.998361522258D-01  0.998361923496D-01  0.998392045127D-01
  0.998443317781D-01  0.998468514413D-01  0.998494815078D-01  0.998502460848D-01
  0.998504351022D-01  0.998710599790D-01  0.998784993637D-01  0.998810215185D-01
  0.998872854875D-01  0.998936695972D-01  0.998957091871D-01  0.999106855066D-01
  0.999183934633D-01  0.999193977547D-01  0.999327135657D-01  0.999457853605D-01
  0.999587065339D-01  0.999931167630D-01  0.100011067524D+00  0.100020807290D+00
  0.100027925577D+00  0.100031901132D+00  0.100037615157D+00  0.100040272172D+00
  0.100043671011D+00  0.100047364170D+00  0.100066696325D+00  0.100071708436D+00
  0.100075602599D+00  0.100091200967D+00  0.100094717366D+00  0.100115200204D+00
  0.100123989388D+00  0.100129644841D+00  0.100151417012D+00  0.100154682637D+00
  0.100165222006D+00  0.100185593854D+00  0.100209692887D+00  0.100210804890D+00
  0.100226379537D+00  0.100229240474D+00  0.100235090093D+00  0.100236713024D+00
  0.100243485575D+00  0.100246344044D+00  0.100249247296D+00  0.100266810086D+00
  0.100279087772D+00  0.100279180246D+00  0.100284494015D+00  0.100319458827D+00
  0.100322661239D+00  0.100334616892D+00  0.100336505435D+00  0.100336848146D+00
  0.100338109568D+00  0.100339442331D+00  0.100349113970D+00  0.100355546511D+00
  0.100355558639D+00  0.100356529807D+00  0.100357929134D+00  0.100363624627D+00
  0.100374532676D+00  0.100387669528D+00  0.100392108526D+00  0.100397388731D+00
  0.100439652234D+00  0.100452186383D+00  0.100455412052D+00  0.100460821694D+00
  0.100461951103D+00  0.100462971819D+00  0.100469470757D+00  0.100481425714D+00
  0.100488330294D+00  0.100506776113D+00  0.100509415842D+00  0.100550928293D+00
  0.100557752408D+00  0.100588101033D+00  0.100592966910D+00  0.100602259036D+00
  0.100603107551D+00  0.100613324943D+00  0.100616258444D+00  0.100616996531D+00
  0.100621373934D+00  0.100630497613D+00  0.100634004782D+00  0.100635936941D+00
  0.100664620387D+00  0.100677151108D+00  0.100679323104D+00  0.100698342193D+00
  0.100707085997D+00  0.100709000806D+00  0.100709628964D+00  0.100718678750D+00
  0.100721226680D+00  0.100723029651D+00  0.100732029725D+00  0.100732159415D+00
  0.100732691540D+00  0.100749315756D+00  0.100749805026D+00  0.100754556933D+00
  0.100756389131D+00  0.100774759842D+00  0.100779842882D+00  0.100794160718D+00
  0.100805510674D+00  0.100806330396D+00  0.100807671090D+00  0.100811823442D+00
  0.100823166438D+00  0.100825249570D+00  0.100834237650D+00  0.100835947900D+00
  0.100846390371D+00  0.100849340584D+00  0.100851201322D+00  0.100863891570D+00
  0.100868913766D+00  0.100871994277D+00  0.100875126190D+00  0.100878717145D+00
  0.100911480147D+00  0.100922597363D+00  0.100927077768D+00  0.100928326306D+00
  0.100929034995D+00  0.100932915934D+00  0.100946649637D+00  0.100991076707D+00
  0.100994348378D+00  0.101004543121D+00  0.101006182151D+00  0.101016359141D+00
  0.101021221634D+00  0.101027520372D+00  0.101111876623D+00  0.101127769781D+00
  0.101140587780D+00  0.101142823435D+00  0.101156275118D+00  0.101163089299D+00
  0.101164570572D+00  0.101166086993D+00  0.101166485471D+00  0.101169834256D+00
  0.101171313556D+00  0.101177310448D+00  0.101181836520D+00  0.101185625897D+00
  0.101220168202D+00  0.101230763437D+00  0.101232087636D+00  0.101238192753D+00
  0.101257671475D+00  0.101259480548D+00  0.101262356160D+00  0.101266045185D+00
  0.101267915132D+00  0.101268724719D+00  0.101278847761D+00  0.101291573086D+00
  0.101308577896D+00  0.101315953500D+00  0.101316460198D+00  0.101320937557D+00
  0.101324736233D+00  0.101325393913D+00  0.101326441616D+00  0.101332920751D+00
  0.101338635188D+00  0.101355351402D+00  0.101355800586D+00  0.101358661040D+00
  0.101360730359D+00  0.101363595977D+00  0.101365940134D+00  0.101386301717D+00
  0.101388450885D+00  0.101388951726D+00  0.101398393126D+00  0.101401248637D+00
  0.101420044487D+00  0.101443324355D+00  0.101449680673D+00  0.101454538120D+00
  0.101459504164D+00  0.101469217179D+00  0.101482713702D+00  0.101493488129D+00
  0.101496505418D+00  0.101498395380D+00  0.101502004247D+00  0.101505835236D+00
  0.101529388075D+00  0.101536472810D+00  0.101538413794D+00  0.101560109766D+00
  0.101562714840D+00  0.101575808399D+00  0.101579083229D+00  0.101584830721D+00
  0.101597817261D+00  0.101600933487D+00  0.101603812966D+00  0.101610063143D+00
  0.101611989389D+00  0.101612906314D+00  0.101615687288D+00  0.101627178246D+00
  0.101630429163D+00  0.101634131571D+00  0.101674482189D+00  0.101687168284D+00
  0.101688559640D+00  0.101693553263D+00  0.101700330782D+00  0.101702283925D+00
  0.101704027627D+00  0.101717492947D+00  0.101737069360D+00  0.101741587916D+00
  0.101753062602D+00  0.101753617674D+00  0.101776910147D+00  0.101778857464D+00
  0.101780723036D+00  0.101781732502D+00  0.101783951428D+00  0.101784053660D+00
  0.101796308747D+00  0.101801577464D+00  0.101810845851D+00  0.101812979567D+00
  0.101815509912D+00  0.101827069777D+00  0.101827327720D+00  0.101828856146D+00
  0.101834972226D+00  0.101837178049D+00  0.101839650276D+00  0.101849234691D+00
  0.101853057469D+00  0.101856141099D+00  0.101859819714D+00  0.101885037874D+00
  0.101923390837D+00  0.101929971686D+00  0.101934166263D+00  0.101938414249D+00
  0.101945680166D+00  0.101953496228D+00  0.101956716788D+00  0.101961173742D+00
  0.101963337951D+00  0.101966540093D+00  0.101970492736D+00  0.101973564467D+00
  0.101990191946D+00  0.101994659253D+00  0.101995468147D+00  0.102001970054D+00
  0.102008888358D+00  0.102011855475D+00  0.102012214225D+00  0.102042425201D+00
  0.102044221213D+00  0.102075761010D+00  0.102080689652D+00  0.102100424880D+00
  0.102101228645D+00  0.102105809526D+00  0.102120956567D+00  0.102124013508D+00
  0.102130462200D+00  0.102138397968D+00  0.102142394734D+00  0.102144783481D+00
  0.102148241202D+00  0.102150585287D+00  0.102175326171D+00  0.102204558376D+00
  0.102222742283D+00  0.102224995529D+00  0.102233815870D+00  0.102235598208D+00
  0.102253060967D+00  0.102254229400D+00  0.102257285356D+00  0.102282366012D+00
  0.102294447286D+00  0.102296684990D+00  0.102297403754D+00  0.102336652534D+00
  0.102339582545D+00  0.102342522833D+00  0.102364988151D+00  0.102374235908D+00
  0.102376075603D+00  0.102378284127D+00  0.102390089213D+00  0.102391876895D+00
  0.102392835412D+00  0.102402692652D+00  0.102403628571D+00  0.102423895122D+00
  0.102437510452D+00  0.102440547619D+00  0.102441275804D+00  0.102444216339D+00
  0.102461412679D+00  0.102462615186D+00  0.102476772048D+00  0.102477789312D+00
  0.102480523401D+00  0.102495440288D+00  0.102501339381D+00  0.102511808094D+00
  0.102515330037D+00  0.102518181313D+00  0.102519331816D+00  0.102526065578D+00
  0.102563242657D+00  0.102579305827D+00  0.102585413875D+00  0.102588104044D+00
  0.102590534738D+00  0.102600818764D+00  0.102614986330D+00  0.102617485833D+00
  0.102620683220D+00  0.102621690860D+00  0.102625514974D+00  0.102644575210D+00
  0.102646876101D+00  0.102674093223D+00  0.102675939264D+00  0.102681987757D+00
  0.102684052342D+00  0.102687645416D+00  0.102688321574D+00  0.102702040886D+00
  0.102706776585D+00  0.102707555335D+00  0.102709952087D+00  0.102727825662D+00
  0.102747521787D+00  0.102752954964D+00  0.102778431561D+00  0.102791287440D+00
  0.102831022081D+00  0.102836631219D+00  0.102841738487D+00  0.102849323095D+00
  0.102858635142D+00  0.102859193666D+00  0.102862153246D+00  0.102866004466D+00
  0.102872221537D+00  0.102877029418D+00  0.102881640159D+00  0.102882100135D+00
  0.102900178237D+00  0.102906940760D+00  0.102939411813D+00  0.102947570355D+00
  0.102950004523D+00  0.102967545549D+00  0.102972225200D+00  0.102978720080D+00
  0.102984116557D+00  0.103000437798D+00  0.103000830411D+00  0.103001080605D+00
  0.103003001032D+00  0.103004734599D+00  0.103006288052D+00  0.103007668034D+00
  0.103013530914D+00  0.103015353796D+00  0.103015955432D+00  0.103025088751D+00
  0.103027808177D+00  0.103028773060D+00  0.103066246892D+00  0.103069313250D+00
  0.103072959311D+00  0.103076721888D+00  0.103101824313D+00  0.103104455372D+00
  0.103111261344D+00  0.103113292354D+00  0.103118672013D+00  0.103121031204D+00
  0.103133290343D+00  0.103136162706D+00  0.103142984827D+00  0.103156683192D+00
  0.103164061144D+00  0.103172490983D+00  0.103174319660D+00  0.103181358799D+00
  0.103186867635D+00  0.103199955475D+00  0.103210982261D+00  0.103212324575D+00
  0.103221588913D+00  0.103226279270D+00  0.103248667783D+00  0.103250998690D+00
  0.103258963290D+00  0.103262168619D+00  0.103267128900D+00  0.103272012849D+00
  0.103296848351D+00  0.103301700382D+00  0.103302786536D+00  0.103304681882D+00
  0.103331027357D+00  0.103333397278D+00  0.103333848830D+00  0.103337159263D+00
  0.103338331789D+00  0.103341346228D+00  0.103374588102D+00  0.103376711361D+00
  0.103382341278D+00  0.103403565940D+00  0.103408596910D+00  0.103409653317D+00
  0.103414112602D+00  0.103416211620D+00  0.103429928145D+00  0.103430977515D+00
  0.103446800396D+00  0.103456157835D+00  0.103459270241D+00  0.103465268737D+00
  0.103467914349D+00  0.103497312122D+00  0.103501828352D+00  0.103520648060D+00
  0.103543604033D+00  0.103547465521D+00  0.103548145556D+00  0.103548823705D+00
  0.103554319368D+00  0.103556313439D+00  0.103561695445D+00  0.103576280662D+00
  0.103578826960D+00  0.103588002464D+00  0.103595514028D+00  0.103600152958D+00
  0.103603030610D+00  0.103615974371D+00  0.103619000153D+00  0.103623027605D+00
  0.103649207767D+00  0.103650016300D+00  0.103663670209D+00  0.103665030137D+00
  0.103670758205D+00  0.103671527689D+00  0.103679728979D+00  0.103681675960D+00
  0.103686835701D+00  0.103713265336D+00  0.103716176257D+00  0.103722040458D+00
  0.103735553429D+00  0.103742816201D+00  0.103753662059D+00  0.103755345452D+00
  0.103766213478D+00  0.103767633432D+00  0.103769471559D+00  0.103779888354D+00
  0.103786955847D+00  0.103795482108D+00  0.103798043216D+00  0.103801143883D+00
  0.103805339101D+00  0.103807126291D+00  0.103808529067D+00  0.103816790311D+00
  0.103824980288D+00  0.103857215390D+00  0.103899377056D+00  0.103905746452D+00
  0.103908429549D+00  0.103918638860D+00  0.103920270662D+00  0.103933141590D+00
  0.103944368698D+00  0.103948127331D+00  0.103962121721D+00  0.103964336235D+00
  0.103968349360D+00  0.103970607657D+00  0.103976070864D+00  0.103977475301D+00
  0.103986979292D+00  0.103991436857D+00  0.104001206123D+00  0.104002961308D+00
  0.104007621388D+00  0.104010185371D+00  0.104018029993D+00  0.104041039263D+00
  0.104043507854D+00  0.104073514060D+00  0.104076223741D+00  0.104082346631D+00
  0.104082900005D+00  0.104092243028D+00  0.104095007120D+00  0.104099317977D+00
  0.104101077041D+00  0.104104271725D+00  0.104117560719D+00  0.104133554085D+00
  0.104144159164D+00  0.104144778560D+00  0.104146867882D+00  0.104151518615D+00
  0.104152572716D+00  0.104158254477D+00  0.104164870833D+00  0.104167726207D+00
  0.104170536987D+00  0.104181312931D+00  0.104183470412D+00  0.104193630692D+00
  0.104202348236D+00  0.104210337795D+00  0.104214459906D+00  0.104217228957D+00
  0.104230189570D+00  0.104238461053D+00  0.104241543869D+00  0.104244404560D+00
  0.104246596077D+00  0.104247961388D+00  0.104248873548D+00  0.104260004588D+00
  0.104281109877D+00  0.104291270046D+00  0.104297050087D+00  0.104312659549D+00
  0.104323160659D+00  0.104329709008D+00  0.104333356928D+00  0.104335716204D+00
  0.104341107681D+00  0.104345472171D+00  0.104354149230D+00  0.104369065665D+00
  0.104391565442D+00  0.104391619497D+00  0.104394767399D+00  0.104397349701D+00
  0.104400290104D+00  0.104418953943D+00  0.104421451774D+00  0.104437395378D+00
  0.104440137550D+00  0.104446751361D+00  0.104449270601D+00  0.104450588183D+00
  0.104484653962D+00  0.104489142763D+00  0.104491869296D+00  0.104510850077D+00
  0.104513257028D+00  0.104517594025D+00  0.104521956602D+00  0.104527931809D+00
  0.104528548845D+00  0.104529574229D+00  0.104531901378D+00  0.104554457991D+00
  0.104561078465D+00  0.104573489104D+00  0.104575621074D+00  0.104578861012D+00
  0.104588697218D+00  0.104608762547D+00  0.104612725194D+00  0.104620302778D+00
  0.104621844019D+00  0.104626902005D+00  0.104632845856D+00  0.104643057923D+00
  0.104662681541D+00  0.104678093582D+00  0.104684879506D+00  0.104685431918D+00
  0.104712250545D+00  0.104722490474D+00  0.104724978706D+00  0.104738291777D+00
  0.104745006936D+00  0.104750089226D+00  0.104752466768D+00  0.104754921684D+00
  0.104756929931D+00  0.104759070124D+00  0.104784059636D+00  0.104790871472D+00
  0.104809110121D+00  0.104812773953D+00  0.104819937926D+00  0.104823001457D+00
  0.104824201344D+00  0.104828984651D+00  0.104835398346D+00  0.104838136762D+00
  0.104843493997D+00  0.104846175899D+00  0.104894588842D+00  0.104899174982D+00
  0.104904285399D+00  0.104911092369D+00  0.104912218246D+00  0.104919301091D+00
  0.104926056345D+00  0.104928862364D+00  0.104929953855D+00  0.104930922099D+00
  0.104932102614D+00  0.104933906412D+00  0.104946974005D+00  0.104970877751D+00
  0.104992562894D+00  0.104995285810D+00  0.105009311404D+00  0.105012512856D+00
  0.105032917067D+00  0.105044313876D+00  0.105047142610D+00  0.105062488297D+00
  0.105100809029D+00  0.105107830484D+00  0.105138441632D+00  0.105156321366D+00
  0.105156760995D+00  0.105164038954D+00  0.105172453652D+00  0.105177489544D+00
  0.105185922766D+00  0.105213310626D+00  0.105216640287D+00  0.105232205415D+00
  0.105232782762D+00  0.105244275057D+00  0.105259725057D+00  0.105274635611D+00
  0.105288802042D+00  0.105294515990D+00  0.105307480919D+00  0.105318082968D+00
  0.105318175826D+00  0.105326525182D+00  0.105334009486D+00  0.105349409954D+00
  0.105368775875D+00  0.105369464413D+00  0.105398313918D+00  0.105405585266D+00
  0.105425091283D+00  0.105432911218D+00  0.105456756674D+00  0.105480455251D+00
  0.105493470103D+00  0.105498550194D+00  0.105504301204D+00  0.105513050691D+00
  0.105515544885D+00  0.105521277071D+00  0.105528208984D+00  0.105544232288D+00
  0.105573954246D+00  0.105583124547D+00  0.105607831527D+00  0.105622230317D+00
  0.105626060563D+00  0.105634382210D+00  0.105637848156D+00  0.105642073807D+00
  0.105644395495D+00  0.105649988277D+00  0.105653154766D+00  0.105666017883D+00
  0.105674432177D+00  0.105677686529D+00  0.105696403730D+00  0.105724499151D+00
  0.105731450201D+00  0.105740775117D+00  0.105763778047D+00  0.105774485756D+00
  0.105792613674D+00  0.105800011902D+00  0.105826497001D+00  0.105829352123D+00
  0.105839768179D+00  0.105841380664D+00  0.105851677768D+00  0.105861183031D+00
  0.105886718389D+00  0.105892368581D+00  0.105903753544D+00  0.105904722631D+00
  0.105914707200D+00  0.105917035804D+00  0.105919737975D+00  0.105932251108D+00
  0.105940175601D+00  0.105944838037D+00  0.105964103718D+00  0.105966473219D+00
  0.105973491089D+00  0.105987424955D+00  0.105999028206D+00  0.106009507081D+00
  0.106015044086D+00  0.106017127064D+00  0.106019199700D+00  0.106030103832D+00
  0.106030391681D+00  0.106060025460D+00  0.106075313663D+00  0.106076591665D+00
  0.106107655501D+00  0.106111340203D+00  0.106123216075D+00  0.106141342914D+00
  0.106145767399D+00  0.106165327031D+00  0.106188603146D+00  0.106206774198D+00
  0.106216645954D+00  0.106231136961D+00  0.106240374730D+00  0.106242036188D+00
  0.106262459666D+00  0.106265615454D+00  0.106266657687D+00  0.106282468206D+00
  0.106327612060D+00  0.106356203178D+00  0.106364214188D+00  0.106367316788D+00
  0.106370307829D+00  0.106402827977D+00  0.106424958057D+00  0.106429576264D+00
  0.106449344528D+00  0.106450745763D+00  0.106453543583D+00  0.106466251234D+00
  0.106467657706D+00  0.106475292507D+00  0.106492428022D+00  0.106497793735D+00
  0.106509615305D+00  0.106515301915D+00  0.106528083553D+00  0.106533046836D+00
  0.106546060244D+00  0.106553488986D+00  0.106554289469D+00  0.106563385792D+00
  0.106563831983D+00  0.106590962244D+00  0.106601493322D+00  0.106624278313D+00
  0.106635998735D+00  0.106647834985D+00  0.106651148869D+00  0.106664936866D+00
  0.106665940107D+00  0.106668941108D+00  0.106670404568D+00  0.106674649485D+00
  0.106687395319D+00  0.106708537878D+00  0.106715754981D+00  0.106727164898D+00
  0.106730525731D+00  0.106762801733D+00  0.106766678797D+00  0.106783389152D+00
  0.106797836228D+00  0.106826295959D+00  0.106850200501D+00  0.106856656883D+00
  0.106872798853D+00  0.106879363193D+00  0.106889604034D+00  0.106890583125D+00
  0.106910645812D+00  0.106913734633D+00  0.106964141952D+00  0.106967024406D+00
  0.106977238633D+00  0.106978470934D+00  0.106981716193D+00  0.106988062389D+00
  0.107002844935D+00  0.107014598331D+00  0.107033055328D+00  0.107045630557D+00
  0.107049625977D+00  0.107051267246D+00  0.107052157700D+00  0.107057914897D+00
  0.107075987773D+00  0.107097562355D+00  0.107098270083D+00  0.107124476238D+00
  0.107135145534D+00  0.107161792689D+00  0.107166024413D+00  0.107170810392D+00
  0.107181974826D+00  0.107208554522D+00  0.107214616190D+00  0.107216238522D+00
  0.107245612082D+00  0.107285478477D+00  0.107289575291D+00  0.107294418519D+00
  0.107311298955D+00  0.107320320052D+00  0.107335001288D+00  0.107340021836D+00
  0.107349628962D+00  0.107354136929D+00  0.107381363327D+00  0.107400651105D+00
  0.107402610020D+00  0.107413699504D+00  0.107417078794D+00  0.107427150830D+00
  0.107439995665D+00  0.107454417357D+00  0.107465902991D+00  0.107484382706D+00
  0.107496316589D+00  0.107506165157D+00  0.107525586053D+00  0.107548162194D+00
  0.107570545563D+00  0.107621790730D+00  0.107645593226D+00  0.107653820848D+00
  0.107691599178D+00  0.107700879208D+00  0.107702516755D+00  0.107713149874D+00
  0.107824050373D+00  0.107841339411D+00  0.107860591170D+00  0.107870611005D+00
  0.107879254569D+00  0.107881794341D+00  0.107913712349D+00  0.107925118457D+00
  0.107971963184D+00  0.107982426586D+00  0.108036409662D+00  0.108062813306D+00
  0.108092681742D+00  0.108109206264D+00  0.108133737283D+00  0.108157173195D+00
  0.108180297914D+00  0.108191110339D+00  0.108219575486D+00  0.108222957468D+00
  0.108238533214D+00  0.108245046700D+00  0.108278635617D+00  0.108283754357D+00
  0.108306726562D+00  0.108315385071D+00  0.108322419526D+00  0.108333982216D+00
  0.108378620985D+00  0.108417480714D+00  0.108422330274D+00  0.108451703040D+00
  0.108462753366D+00  0.108474507488D+00  0.108506144154D+00  0.108566540838D+00
  0.108589705828D+00  0.108593712302D+00  0.108657675575D+00  0.108680377693D+00
  0.108685701159D+00  0.108703079644D+00  0.108720503938D+00  0.108729751748D+00
  0.108754766555D+00  0.108801987918D+00  0.108818889715D+00  0.108831750718D+00
  0.108843705810D+00  0.108860794252D+00  0.108884770251D+00  0.108894976624D+00
  0.108905106669D+00  0.108926813526D+00  0.108939692617D+00  0.108945688648D+00
  0.109010361793D+00  0.109060419199D+00  0.109093926092D+00  0.109095896110D+00
  0.109118425698D+00  0.109149889503D+00  0.109155965134D+00  0.109162798317D+00
  0.109165999996D+00  0.109179176168D+00  0.109183070402D+00  0.109185006856D+00
  0.109252902103D+00  0.109284978399D+00  0.109290386010D+00  0.109310633406D+00
  0.109320612392D+00  0.109366388579D+00  0.109374132453D+00  0.109411911840D+00
  0.109461863660D+00  0.109491888643D+00  0.109522473769D+00  0.109535724395D+00
  0.109548834475D+00  0.109617968624D+00  0.109632712648D+00  0.109656845264D+00
  0.109677548793D+00  0.109729238514D+00  0.109750271694D+00  0.109755925339D+00
  0.109782608966D+00  0.109807101690D+00  0.109831029199D+00  0.109867860592D+00
  0.109887062165D+00  0.109889889429D+00  0.109903927179D+00  0.109922164670D+00
  0.109961968461D+00  0.109983625749D+00  0.110016812928D+00  0.110041817799D+00
  0.110049618334D+00  0.110068375850D+00  0.110072205977D+00  0.110098170620D+00
  0.110125275055D+00  0.110153307895D+00  0.110168013071D+00  0.110179233811D+00
  0.110188696977D+00  0.110195646705D+00  0.110229950023D+00  0.110253015375D+00
  0.110288241913D+00  0.110290380130D+00  0.110308884467D+00  0.110348146215D+00
  0.110357286288D+00  0.110360425417D+00  0.110375768874D+00  0.110418187457D+00
  0.110427120109D+00  0.110444227011D+00  0.110477295926D+00  0.110488683009D+00
  0.110531261987D+00  0.110552642112D+00  0.110568210560D+00  0.110583926859D+00
  0.110590844365D+00  0.110603415329D+00  0.110629128250D+00  0.110644638456D+00
  0.110652572715D+00  0.110679462588D+00  0.110682429975D+00  0.110731086836D+00
  0.110746559908D+00  0.110762513818D+00  0.110789409258D+00  0.110800395649D+00
  0.110822555921D+00  0.110838668189D+00  0.110860470359D+00  0.110867191234D+00
  0.110888700882D+00  0.110901957950D+00  0.110904209179D+00  0.110959098631D+00
  0.111003200554D+00  0.111022400985D+00  0.111032358791D+00  0.111085111795D+00
  0.111095173433D+00  0.111181759057D+00  0.111182780930D+00  0.111199411017D+00
  0.111217195804D+00  0.111218231497D+00  0.111266389197D+00  0.111270217182D+00
  0.111272979283D+00  0.111290580228D+00  0.111320804882D+00  0.111366345487D+00
